-1 0 -1 -2 0 -2 0 0 
0 -3 -1 1 0 1 -1 -1 
0 0 -1 -1 -1 -3 0 -1 
-2 -4 -4 -4 -1 -1 -1 0 
-1 2 -3 -1 -1 0 0 1 
1 2 32 2 -1 -2 -2 -1 
-2 -1 -14 0 -3 -1 0 -1 
-1 0 -10 7 0 0 0 0 
1 4 -18 4 2 1 0 4 
0 -5 42 3 -2 -3 -4 -8 
2 4 -8 -5 0 0 -3 -1 
8 8 56 4 -4 -3 1 9 
-1 3 -51 -39 -8 -1 -2 3 
-6 -1 38 59 4 -5 -5 -12 
-9 -6 11 4 -11 -2 -2 -3 
-1 -28 -61 -15 -13 -5 -1 -6 
14 21 -18 -80 -10 3 8 38 
-11 -17 -7 -19 -1 -2 -3 -24 
39 51 15 -69 -1 6 13 25 
2 10 10 65 4 -2 -2 -6 
-30 -18 12 72 23 2 -14 -14 
6 7 2 2 10 6 27 59 
4 -21 -81 -119 -34 -5 -5 -19 
6 -2 -75 -60 -3 1 -7 -12 
19 -1 39 -44 -5 0 20 25 
15 16 14 10 -9 -2 -2 0 
24 8 -42 -11 -2 3 -2 2 
-13 5 50 79 16 -2 -35 -40 
-4 -40 43 57 -19 -4 -21 -7 
0 -29 -101 2 -1 -1 28 7 
-4 -18 -7 -47 -16 0 21 -26 
-13 -8 68 55 6 11 -4 2 
8 39 99 27 1 -5 24 19 
0 -20 -15 -39 -7 12 93 60 
16 45 108 119 27 11 -10 16 
59 48 13 3 8 7 21 29 
-50 -51 -35 48 -11 -16 -46 -51 
-16 36 49 -4 -11 -9 -17 -13 
5 -3 -53 -84 1 6 17 26 
12 -6 -81 -18 -11 3 -8 9 
-26 -21 -61 -72 -12 9 32 17 
-3 -6 -34 -28 -8 -16 -37 -16 
22 16 -40 -16 -6 5 16 49 
20 -6 27 14 13 -2 -16 -17 
38 31 -10 -56 37 43 84 88 
-51 -43 -16 -74 -32 -7 -1 -13 
-22 -38 105 46 10 -3 -11 -29 
21 -27 -86 -14 -7 -4 16 3 
-19 10 84 -38 0 8 12 22 
-26 -26 5 -43 -9 -12 -17 -63 
23 41 27 104 7 -1 9 6 
-35 -39 -22 -57 -8 1 -7 -6 
2 2 -55 52 -17 -5 28 2 
-29 8 60 100 -4 -20 -61 -58 
10 1 21 31 9 0 -2 0 
11 16 -27 17 -18 -8 -13 -7 
34 21 -37 -85 33 25 38 50 
9 9 8 1 19 1 -8 -1 
-17 7 49 37 6 1 -3 -6 
-28 -44 21 1 -11 -13 -28 -6 
39 38 10 41 9 2 -4 -7 
12 15 -13 -1 -13 -11 -19 8 
-5 3 -3 10 1 -2 -5 3 
6 -20 -11 -6 1 6 8 17 
-18 -14 -33 -18 -1 -4 -1 -16 
-15 22 7 23 -4 -5 -12 -13 
7 5 13 3 -3 1 0 5 
5 5 32 3 -3 -4 -1 6 
8 -5 41 -5 -18 -9 -4 8 
-11 -5 67 22 -1 -1 -6 -7 
-4 2 -30 -1 -6 -7 -9 -17 
-1 -5 -2 11 1 0 -2 4 
-7 9 9 -8 -3 -2 -8 -20 
8 10 25 14 5 1 3 13 
-6 -18 -59 -27 -2 -2 3 13 
-15 -38 27 -67 -21 -13 -19 -43 
-2 0 -31 -34 -1 0 0 2 
0 6 0 39 6 5 6 14 
-5 -25 -30 6 -3 -6 -2 -1 
1 3 11 14 6 1 0 4 
8 17 21 20 13 8 6 14 
1 5 21 20 -1 -1 -3 -2 
6 9 -10 -7 0 1 1 5 
-4 -16 -19 -19 -8 -3 -3 0 
8 31 45 29 5 2 1 6 
14 9 1 13 4 0 0 5 
-8 -12 4 6 -1 -1 4 17 
-6 -8 -85 -8 -5 -4 -8 -22 
0 -4 -25 -5 -2 -2 -4 -10 
-10 -24 -13 -2 -3 -5 -3 4 
-9 -19 -9 -10 1 -2 -3 -12 
-4 -2 -6 5 3 2 -1 -6 
9 16 31 -6 0 1 3 16 
11 2 -17 20 3 -2 -3 -4 
-2 -5 -6 -14 -14 -2 2 5 
-25 31 10 21 10 4 -9 -36 
-16 -39 -34 -59 -21 -7 -21 -53 
-25 -4 22 25 2 -6 -14 -16 
9 -2 -10 24 15 3 -30 -32 
22 6 2 -21 -16 -1 33 45 
-47 -10 21 -40 2 2 -13 -21 
13 40 23 5 -9 -11 12 32 
10 -3 -20 -8 15 11 14 6 
50 50 86 28 8 12 44 46 
36 35 10 3 -5 -8 -11 8 
-27 45 9 67 0 -2 1 -50 
-5 1 -64 -28 -30 -9 28 -10 
-10 58 122 30 -8 0 -28 -2 
11 -66 -101 -40 -5 17 49 34 
-6 -10 63 -47 -1 -2 8 62 
-77 -3 47 -5 7 -2 -17 -23 
38 20 -29 -59 -13 -5 17 0 
26 -67 39 17 19 9 1 50 
-19 3 93 119 13 5 46 -37 
76 -42 -128 -128 -30 5 26 65 
-12 0 -126 -63 -19 -18 -12 -29 
17 11 19 -28 4 4 20 -4 
17 -37 -50 -34 -23 -28 -73 17 
-32 -21 98 83 31 8 -3 -48 
-9 4 -21 24 -11 -5 33 21 
47 66 68 -6 13 15 30 33 
-25 -4 -82 25 1 4 10 5 
-30 -37 17 18 12 -4 -12 -19 
20 25 -39 77 2 4 -6 -2 
27 -17 109 56 11 3 29 19 
-11 -3 -31 -110 1 9 92 90 
-73 -29 62 44 -7 -41 -108 -105 
-2 -1 19 53 10 3 9 1 
-1 1 -94 -107 -13 -5 -47 -27 
24 34 95 49 5 7 16 18 
-15 -20 -56 9 -5 -13 -28 -59 
15 32 35 -4 1 -2 17 20 
-27 -5 8 -16 -14 -12 -18 -10 
-27 -5 8 -16 -14 -12 -18 -10 
21 -5 -36 -27 2 13 34 20 
-24 -27 21 11 3 4 -18 -30 
15 -34 -35 -28 -3 4 13 22 
5 -3 20 46 4 -1 7 -2 
-27 -25 -74 -93 -22 -5 -5 -7 
5 11 53 44 12 3 7 4 
0 9 -13 7 -1 -2 -15 -36 
0 0 -19 -10 -2 1 2 0 
4 6 6 0 2 3 4 5 
7 8 8 11 6 5 8 8 
8 11 36 18 1 -2 4 10 
-5 -13 -8 -1 -1 1 0 0 
-5 -11 -5 18 -3 -2 -2 -5 
0 14 -11 -11 12 7 1 -2 
-6 -3 29 20 -1 -4 -3 -3 
-2 6 20 -17 -7 -4 -2 -2 
1 -11 10 17 4 2 -1 -4 
3 12 3 8 6 2 0 2 
-1 5 56 14 -3 -3 -1 -2 
2 -7 -5 -1 5 2 2 1 
-2 -10 -54 -18 -12 -7 -4 -7 
-3 33 -3 5 6 4 4 2 
28 3 -7 -6 -4 -2 1 13 
20 -29 23 17 6 3 -6 -27 
-2 7 -7 -9 2 2 -2 -5 
-1 3 65 14 2 2 5 15 
-6 6 32 20 4 3 -2 -10 
-11 -9 -29 -10 2 1 -1 1 
-4 -9 -6 2 -7 -6 -13 -4 
-5 16 13 -33 -7 5 18 12 
-25 15 1 17 -6 -13 -22 -33 
-16 -5 18 5 21 8 -19 -15 
5 8 31 43 6 8 14 20 
27 33 -54 2 3 1 4 10 
-29 -7 -21 4 10 2 8 10 
-1 13 -31 -67 -14 6 -16 -26 
12 -3 64 40 -6 -15 -35 -52 
35 35 -1 -62 11 18 55 64 
50 34 87 86 21 11 41 31 
-35 -14 -57 -53 -8 -4 6 -5 
-31 -13 39 -7 -21 -32 -74 -12 
24 -20 41 36 7 -19 28 9 
-30 -12 36 -21 -23 -10 8 -22 
-6 -23 9 52 10 12 14 10 
-23 -2 19 67 -11 -6 -18 -48 
44 -11 25 24 37 28 39 62 
-16 -1 -20 -15 -10 -15 -39 -89 
72 -15 29 55 1 12 42 45 
5 20 2 6 -15 -8 13 29 
-6 6 -7 29 37 21 45 71 
-43 -51 -120 -87 1 -5 -19 -27 
2 -16 -83 22 -9 1 4 8 
49 -20 -44 32 24 -3 -26 -9 
-59 26 63 8 -19 -10 -28 -11 
62 9 127 50 6 5 -4 10 
5 3 -52 -92 8 -4 -46 -14 
24 -25 -3 -24 -18 -4 14 18 
-52 18 29 7 9 0 19 -17 
11 18 -3 26 2 9 3 -3 
5 10 107 33 17 11 42 30 
-4 11 12 63 1 -12 -42 -23 
-22 -22 -45 -63 -18 -17 -46 -6 
43 14 36 21 7 18 17 15 
-13 16 66 46 1 -2 13 1 
-12 14 15 34 -13 4 36 37 
-23 -47 -76 -42 -12 -6 -1 -25 
1 -1 -33 -18 3 10 36 40 
-19 -25 -13 5 -7 -8 -8 -29 
-23 11 17 -9 3 3 21 18 
17 -2 47 18 8 2 1 -10 
13 9 12 -1 -1 5 4 2 
-19 -20 -64 1 -2 -4 4 -10 
0 -14 -48 -16 -5 -2 -2 -3 
2 2 -3 2 -2 1 8 2 
0 -12 -28 -45 -14 -6 -7 -32 
-4 -21 4 -2 0 -1 2 6 
7 6 -7 -5 -3 0 3 7 
15 17 26 12 8 2 2 9 
-23 -20 -33 -28 -14 -7 -4 -5 
0 21 8 21 -2 -2 1 -1 
-1 11 47 34 13 11 18 28 
6 6 42 7 -6 -4 0 0 
14 18 14 18 15 7 6 6 
-6 -15 -52 -32 -1 0 -2 -1 
-10 -6 -43 -21 -6 -4 -7 -9 
13 -67 -27 -11 -7 -4 -2 0 
-2 -5 -22 -6 3 -1 -1 -2 
2 30 23 -1 1 1 2 8 
-8 4 8 18 3 -1 0 1 
-20 -44 -32 -45 -3 1 -3 -11 
16 13 14 11 -6 -5 -4 -2 
4 -17 0 5 5 2 -3 0 
1 10 13 -34 -5 0 5 17 
-1 -4 3 5 -2 -3 -1 1 
-14 10 -31 10 2 1 1 -2 
-3 50 64 30 7 6 1 0 
-12 -78 -68 -6 -4 -4 -5 -7 
-5 -12 -5 -1 -1 -2 1 1 
2 25 -12 -5 -3 -1 -1 -4 
11 22 60 20 11 6 3 2 
18 16 9 -5 -5 -3 -3 0 
-6 18 20 13 3 0 0 -1 
5 11 -1 6 0 -3 2 19 
-5 -8 0 1 -2 0 -5 3 
-13 -10 1 -10 -7 -8 -3 -12 
0 -8 -33 -56 -12 -1 -4 -9 
-6 -7 -29 -21 -14 -8 -8 -13 
5 -23 -78 40 7 -2 -12 -25 
18 5 17 -12 22 23 28 21 
5 7 63 -8 -2 -2 -44 -30 
-1 -33 4 12 -3 -8 -9 1 
16 8 -78 2 -2 0 19 25 
-29 40 9 -75 -7 -6 -4 19 
6 13 46 67 6 5 10 24 
2 16 1 -64 -14 -3 8 -3 
-39 -29 -11 -11 -12 -14 -12 -39 
-25 -39 -90 -84 -24 -4 -24 -48 
86 18 16 72 17 4 -4 47 
-54 -16 0 -11 -6 5 12 13 
38 42 83 82 22 13 42 38 
20 34 40 -8 -21 -9 1 14 
-5 16 45 56 2 -26 -57 -37 
-14 -1 42 66 -2 -7 -13 -23 
19 23 -46 -78 7 12 31 -11 
-52 -49 -10 -63 -26 -11 -5 -18 
-7 28 79 22 -2 8 0 -4 
10 35 -29 -63 0 1 0 27 
-3 5 -20 43 1 -1 38 11 
-33 15 55 -100 10 10 -17 -29 
14 13 3 -6 35 13 21 25 
-38 -18 23 -56 -21 -10 -50 -90 
-53 -72 -57 87 -5 -28 -80 -41 
20 8 -33 35 16 24 61 36 
8 -36 -55 -68 13 23 44 39 
-15 -2 -8 58 -6 -22 -38 -26 
1 -12 -84 -86 -52 -21 4 22 
81 38 30 -48 9 23 55 68 
52 18 52 -2 -4 5 18 42 
31 33 39 1 22 26 66 68 
51 -10 -55 12 -5 0 0 19 
-24 -16 -19 -33 17 -10 -35 -23 
40 51 -2 -26 2 17 37 31 
49 42 19 76 18 26 42 37 
-59 -1 127 127 -7 -24 -80 -75 
23 20 32 -74 -17 5 5 13 
6 -21 -63 -62 -14 0 10 6 
42 29 15 46 3 21 51 54 
33 -22 -32 65 1 1 14 30 
-19 3 25 19 -7 -31 -95 -104 
26 42 50 41 6 30 82 69 
-42 -10 -7 10 5 -10 -45 -77 
-62 -11 -39 -117 -47 -26 -84 -99 
25 32 31 96 28 14 62 56 
-18 0 29 20 19 -14 -86 -53 
-10 2 13 7 -1 0 1 10 
12 0 -2 -13 -4 -6 -11 11 
10 8 11 -13 -5 4 20 -12 
-8 9 -4 -63 -5 0 -1 0 
-20 -16 -12 -3 0 0 -20 -49 
-9 -26 -23 -9 -18 -16 -47 -27 
-6 -1 23 8 7 9 5 15 
2 4 7 5 1 0 -1 -3 
-42 -38 -102 -61 -14 -14 -4 9 
7 6 20 -8 -2 0 12 17 
0 9 17 -1 -3 -5 1 -1 
9 10 0 -13 5 2 3 5 
-3 -3 -15 -7 -4 0 4 3 
3 7 44 13 4 2 3 5 
4 9 6 6 0 0 3 0 
-11 -14 -37 -22 -7 -4 -3 -5 
3 9 -30 3 5 0 3 7 
-15 1 0 1 1 -1 -3 -7 
4 1 18 13 3 3 2 -2 
6 2 -24 -2 0 -1 2 8 
6 5 42 19 2 -1 2 5 
1 2 -12 -16 -2 -1 -1 1 
-1 0 25 8 -1 -2 -2 -6 
0 4 2 4 -1 -1 -1 -4 
1 -2 26 -6 -3 0 0 -2 
-1 -1 -12 -7 1 0 0 -2 
3 5 30 11 4 -1 1 5 
0 -8 -72 -24 -6 -3 5 20 
-2 -3 6 -5 -2 0 -2 -4 
-3 -1 -2 -7 -4 -2 -2 -1 
3 1 21 10 3 0 1 3 
-1 -11 -58 -28 -7 -1 -3 -3 
-7 -11 -31 -25 -9 -7 -10 -27 
3 -22 -64 -23 -9 -5 -7 2 
4 3 5 11 5 3 4 14 
1 -3 -5 -4 0 -2 1 3 
-4 -4 -18 -9 0 0 2 0 
-3 0 -5 -2 0 1 1 0 
-1 8 44 11 1 0 1 1 
-2 -10 -32 -12 -4 -2 0 5 
2 9 28 8 2 3 1 2 
-1 0 -1 3 -1 -1 0 1 
-2 -1 -6 -1 -1 -3 1 -1 
-1 0 -10 -8 -3 -1 -1 -3 
-1 -1 -6 -1 -1 -1 1 -1 
-4 -7 -52 -18 -5 -1 -3 -5 
1 -2 -29 0 1 1 1 1 
-1 0 11 -7 -4 -1 -1 -2 
0 2 -3 3 0 -3 0 0 
-1 -1 14 4 -1 -1 0 1 
-1 2 20 2 1 -1 1 0 
0 -1 -5 2 0 0 1 -1 
-1 -1 -4 -8 -3 -4 -1 -1 
1 3 27 5 2 0 -2 0 
-3 -7 -23 -13 -3 -2 -3 -2 
2 6 14 10 1 -1 0 1 
-1 -2 -1 -2 -1 -2 -2 -1 
-2 -1 1 -1 -1 0 0 -1 
-1 -1 -1 -1 -2 -2 0 -1 
-2 -11 -54 -17 -5 -3 -3 -2 
-2 1 6 0 -4 -3 -2 -1 
0 1 15 7 0 -1 -1 -1 
0 0 6 1 -2 0 -1 0 
-1 -3 -7 -2 -1 -1 -1 -1 
0 -1 2 1 1 1 1 1 
-1 2 9 2 1 0 -2 -1 
0 1 16 3 0 -1 1 1 
-1 2 -3 -2 -3 0 0 -2 
0 -1 5 2 1 -2 0 -1 
0 -1 0 -2 -1 0 -2 0 
-1 1 -1 -3 -1 -1 -1 -2 
0 -5 -14 0 -1 -1 0 -1 
-1 -2 0 1 0 1 1 -1 
-3 -5 -63 -15 -6 -3 -3 -2 
1 1 30 9 2 1 -1 1 
1 1 -3 -5 -2 -2 -1 -1 
0 -1 2 1 -1 -1 1 0 
0 -2 3 -1 -1 0 0 -1 
-1 -1 -2 0 1 -2 -2 -1 
-1 0 -2 -3 0 -2 0 0 
-1 0 12 2 1 1 0 0 
-1 -6 -7 1 -1 0 1 0 
-1 -1 0 -2 -1 -1 0 0 
-2 -1 1 0 -1 -2 -1 -1 
-1 1 3 0 -1 0 0 -2 
0 1 2 -1 -1 -3 -3 -1 
-2 -1 1 0 -1 -1 0 0 
-1 0 -2 -1 -1 -1 -2 -1 
0 0 2 0 0 -1 -2 0 
0 1 -1 -1 0 -1 0 0 
0 -1 -1 -1 -1 -1 -1 0 
1 -4 -2 -2 -1 -2 -1 -1 
-1 -1 0 -2 -1 -1 1 0 
0 0 4 5 2 0 0 -1 
0 -1 -4 -4 -1 0 -1 -1 
0 0 6 1 0 0 0 -1 
-1 -1 4 1 -1 -1 -1 -1 
-1 -3 -6 -2 -3 0 -1 -2 
-2 -1 0 -2 -1 -1 -1 -1 
-2 -2 -7 -4 0 -1 -1 -2 
-3 -3 -2 -1 0 0 -1 0 
0 0 -2 -2 -1 -1 -2 -1 
0 0 2 1 -1 0 -1 0 
-1 -2 -2 -1 -2 -1 -2 0 
-1 0 -4 -3 0 -1 0 2 
-1 -2 -3 0 -2 -2 0 -3 
1 1 1 0 -1 -3 0 0 
-1 0 -4 0 -1 -1 0 -2 
0 -1 -1 -2 -1 0 0 -1 
0 -2 -2 -1 0 0 -2 0 
-1 -1 0 0 -1 -2 0 0 
-1 0 1 -2 0 0 1 -1 
-1 0 16 2 -1 -1 0 -1 
0 1 7 0 -1 0 -1 0 
-1 0 -7 -1 -1 -1 -2 -1 
0 -3 -8 -2 -1 -1 -1 -2 
1 0 -6 1 -1 0 0 -1 
-4 -4 5 -5 -3 -2 -3 -1 
1 3 7 2 0 -1 1 0 
-1 -3 -5 0 0 -1 -1 -1 
-1 -2 -9 -2 -1 -2 -1 1 
-3 -1 2 -1 -1 -1 -1 -1 
-1 1 -3 0 -1 0 0 -1 
-1 -1 -3 -2 -1 -2 0 -1 
0 -3 -2 -2 -2 0 0 -1 
0 2 3 -2 0 1 -3 1 
1 -1 -10 -3 -2 -2 0 -2 
1 1 2 2 -1 -1 -2 -2 
0 -1 -2 -1 -1 -2 -1 -1 
-3 -2 1 -1 -1 -1 0 0 
-1 0 1 0 -2 0 0 -1 
-1 -1 0 -1 -1 -2 -2 -1 
-2 -2 -2 -1 -2 -1 -1 0 
0 -1 -1 -1 0 0 1 0 
0 -1 -16 -8 -2 -1 -2 -1 
-1 -1 2 0 0 -1 -1 -1 
-2 0 4 1 -1 0 -1 -3 
-2 2 3 1 1 1 1 -1 
-2 -1 0 0 0 0 0 1 
0 0 2 0 -1 -1 0 1 
-1 -2 3 1 -1 0 -1 -1 
-2 -3 5 -2 -1 -2 -1 -2 
0 -2 3 1 -1 -1 -1 1 
0 0 -4 -1 0 1 1 -3 
-1 1 8 -3 2 -1 0 -1 
-2 -1 -2 -3 0 -1 -2 -1 
0 -2 -5 0 0 -1 -3 0 
0 0 -7 -1 -2 2 -2 0 
0 1 8 1 -1 -1 -1 0 
1 1 6 -1 -2 1 -1 -1 
1 3 13 5 2 0 -1 0 
-3 -3 -26 -12 -3 -3 -1 -2 
-1 0 -2 -1 -2 -1 0 -4 
-1 1 0 -2 -2 0 0 -1 
0 -2 0 -1 -1 0 -3 0 
-2 -1 0 0 0 -2 -1 -1 
-2 -1 -1 0 -2 -1 -1 1 
-2 -1 0 -1 0 -1 0 2 
-1 -1 -2 0 0 -1 -2 0 
0 -2 1 -1 -1 1 1 -1 
-2 -1 0 -1 0 0 -1 -3 
-1 -1 -2 -1 -1 -1 1 0 
-1 -1 -1 -1 0 -1 0 2 
-2 -2 -1 2 -1 -2 -1 -2 
-1 -1 0 1 0 -1 -1 -1 
0 -2 0 -1 1 0 -1 -1 
1 1 -1 -1 0 0 -1 -2 
-1 -1 -1 0 -1 -3 0 -2 
0 0 -1 0 -2 -1 0 -1 
1 -1 0 -1 -1 -1 -2 0 
-1 -1 -1 -2 -1 -1 -2 -1 
-1 0 -2 -2 0 -1 0 2 
-2 -1 0 -1 -1 1 -1 1 
-1 0 1 -1 0 0 -1 0 
-2 0 -2 -2 -1 -1 -1 -2 
-1 0 -1 0 -2 1 -1 -2 
1 -1 0 1 -2 0 -1 -1 
0 -3 0 0 -1 0 0 1 
0 -1 -1 -2 0 -1 -1 1 
1 -2 0 0 -1 1 -1 -2 
-1 -1 0 0 -1 -1 -2 0 
-1 -1 -2 -2 -1 -2 -1 0 
-1 0 -1 -2 0 0 0 -1 
1 0 -2 -2 -2 0 -2 -2 
-1 -1 -1 0 -1 -2 -1 -2 
-2 0 0 -2 0 -1 0 0 
0 -1 -1 -1 0 -2 0 1 
0 -1 1 -1 0 -1 0 -2 
0 0 0 0 -1 0 -1 -2 
0 -1 -2 -1 0 -1 -2 0 
0 0 -1 -2 0 0 0 -1 
-1 -2 0 -1 -1 -1 0 -1 
-1 -2 -1 -2 0 0 0 1 
1 -2 -1 -2 -1 0 0 1 
-2 -1 -1 -1 -2 -2 0 -2 
0 0 0 0 0 0 -1 -1 
0 -1 0 0 0 -1 -1 1 
1 -1 -2 -2 0 1 -2 -2 
0 0 -2 -1 1 3 1 -2 
-1 -1 -1 0 0 -1 0 0 
-1 -3 0 0 -1 -1 0 0 
-1 -3 -1 0 -1 0 -1 1 
-1 0 1 0 -2 -2 0 -1 
-1 0 0 -2 -1 -3 0 0 
-1 -1 0 1 0 -1 -1 2 
0 0 -1 -2 1 2 -2 -2 
-1 -1 -1 -2 -1 2 -3 1 
-1 0 -1 0 -1 0 -1 1 
-1 -2 -1 1 0 1 -1 -1 
-1 -1 -1 0 0 0 -1 -1 
-2 -3 -2 -1 -1 0 2 -1 
0 -1 -1 -2 -3 -1 1 1 
0 -1 -1 -2 -1 -1 0 0 
-3 -2 -1 1 -1 -1 1 -1 
0 1 0 0 0 -1 0 -3 
-2 -1 -2 -1 -2 0 0 -2 
-1 1 -1 -3 0 -2 -2 0 
-3 0 -1 -2 1 -2 -2 -1 
-1 -1 1 0 -3 -2 0 1 
-2 0 -2 -3 1 0 -1 -1 
0 0 -1 -1 0 0 -1 0 
1 0 -1 1 0 -1 0 0 
0 -2 -1 -2 -2 1 -3 0 
-1 -2 -1 -1 0 1 1 -1 
0 1 1 -1 0 -1 0 -3 
-3 -1 -1 -1 -1 -3 -2 2 
-2 -1 -1 0 -1 -1 0 -3 
0 0 0 -1 1 -1 -1 1 
0 -1 -1 -1 0 -2 0 1 
-1 -2 1 0 -1 -1 1 1 
1 0 -1 -2 -1 -2 -3 0 
-2 -1 -1 -1 -2 -2 -1 -1 
0 -1 0 1 0 0 0 -2 
0 -3 -1 0 1 -2 0 -2 
0 2 -1 -1 -2 0 -2 -1 
-1 -2 -1 -1 0 -2 1 -2 
0 -2 -2 -2 -2 -1 0 0 
0 -2 -1 -1 -2 1 1 -2 
-1 0 -1 -1 0 1 -2 -2 
0 -1 -1 -1 -1 0 0 -3 
0 -1 -1 0 -1 -1 -2 -1 
-1 0 -1 0 -1 -1 0 0 
-1 -1 0 -1 -1 0 0 -1 
-1 0 0 -1 0 2 -4 1 
0 -1 -2 0 -1 -1 1 -1 
1 -2 -1 -2 -2 -1 -1 -2 
-1 -2 -1 -2 -1 -2 -3 0 
1 -1 0 0 -2 1 -1 1 
1 -1 -1 -1 -1 0 -1 0 
-1 0 0 0 -3 -3 0 -1 
-2 0 0 0 0 -1 0 0 
-2 1 0 0 -1 1 -2 -3 
1 -1 0 -2 -1 -2 -2 -1 
0 -1 -1 -2 -1 -2 1 0 
-2 -2 -1 0 -1 0 -1 -1 
-1 -1 -1 -1 0 0 -3 -2 
0 0 0 -3 1 -1 0 0 
0 -1 -1 0 -2 -2 0 0 
-2 0 -1 1 -2 -1 -2 1 
-1 1 0 3 0 -2 -2 0 
0 0 0 3 0 -2 0 -1 
-1 -1 4 5 1 -1 1 0 
-1 0 6 3 -3 0 0 -1 
-1 -3 -12 -8 -2 -1 0 2 
0 -1 1 1 -1 -2 -1 -1 
-2 -2 1 4 -1 -1 -1 2 
1 0 3 2 0 -3 -1 -1 
0 -1 0 -1 0 0 1 -1 
-1 -3 -2 -3 -1 0 -2 0 
-1 1 6 3 0 0 0 -1 
0 -1 -9 -5 0 1 1 -1 
1 -1 -2 -4 0 3 -2 0 
0 -1 -3 -3 1 -2 -1 -1 
-1 -1 0 -2 -2 -1 0 0 
0 -1 0 -2 0 0 0 2 
0 -2 -2 -2 -1 0 1 0 
-1 -1 2 2 -2 0 -1 0 
-1 -2 -5 -4 -1 0 -2 0 
0 0 -4 -3 0 -1 -2 -2 
1 0 1 -1 0 -2 -2 0 
-2 1 -1 0 -2 0 0 1 
-1 -1 0 1 -2 -2 0 -4 
0 1 -1 1 -2 1 1 -1 
0 0 -1 -2 0 -1 0 -1 
0 -1 -6 -4 0 0 -2 -1 
-2 -2 1 1 -1 -2 -2 -1 
0 0 -4 -4 -1 -1 1 0 
-2 -1 -2 -3 1 -1 -1 -1 
-1 -1 -2 -3 0 -1 -1 -1 
-2 0 1 2 -1 0 -2 0 
-2 -2 -2 -1 -1 -1 1 -1 
0 -1 -4 -3 -2 -3 0 0 
-4 -1 -2 -2 -1 -1 -2 -1 
-1 -1 1 1 0 0 -2 -1 
-1 1 1 -1 1 0 0 0 
0 0 -2 0 -2 0 1 0 
0 -1 3 -1 -2 -2 -2 0 
-1 0 1 3 0 0 0 -1 
-2 -1 1 0 1 0 0 0 
0 0 -6 0 0 1 -2 2 
-1 -1 -6 -6 0 -1 0 1 
-2 3 -2 -3 -1 -2 0 -2 
-2 -14 -8 0 -1 -2 -1 -2 
1 0 0 -2 0 -1 -1 1 
1 0 2 0 -1 -2 -1 -7 
1 1 -1 -2 -1 -2 0 2 
-1 -2 -5 -3 -1 0 -2 0 
0 -1 3 0 0 -1 1 2 
-1 5 -1 -3 -1 -1 0 -3 
0 6 -2 -4 0 -2 -1 0 
-3 -2 0 5 0 -1 0 -2 
0 3 -1 -5 -2 0 -2 2 
0 1 0 1 0 1 0 -1 
-1 -2 -5 -4 -1 0 0 0 
-1 -1 2 -1 0 -1 -2 -2 
-1 -2 -1 -5 -2 -1 -1 -1 
-2 -8 -4 0 -1 -3 -1 -1 
0 2 -3 -3 -2 -3 -2 -1 
-1 1 3 3 0 0 -1 -1 
-3 -1 0 0 -1 1 0 0 
-1 -5 -2 -2 -2 0 -1 -1 
0 -2 -5 -3 1 -1 0 -1 
0 -6 4 4 0 -1 0 0 
0 6 4 -4 0 -1 -2 -1 
-2 0 -5 -8 -3 -3 -3 -2 
-2 5 11 12 0 -1 -1 0 
1 1 9 6 2 2 0 0 
-2 2 2 6 0 -1 0 -2 
-2 -5 -4 -5 -3 -2 -1 -1 
-1 -1 7 4 1 -2 0 -1 
1 3 6 5 1 1 -1 -1 
1 -1 -5 3 0 0 2 0 
-1 -4 -9 -6 -4 -3 -2 1 
2 4 0 2 2 4 1 1 
-7 -5 -2 -10 -4 -4 -2 -4 
-5 -2 0 -2 -3 2 4 1 
-14 -10 -11 -10 -16 -22 -23 -18 
-5 -12 -7 -11 -9 3 5 4 
8 -6 -28 -23 -13 -7 -2 2 
-1 -14 -46 -34 -21 -10 -7 -1 
29 21 24 21 18 12 8 14 
-2 -33 -24 10 5 8 5 4 
24 40 45 4 11 -3 -8 1 
-15 -12 -63 -67 -11 0 7 -2 
36 13 -4 -9 -5 1 3 9 
-44 -33 -27 -28 -17 -17 -23 -25 
21 9 -14 -5 0 6 34 17 
15 48 73 50 25 19 10 11 
2 16 1 -6 -6 -5 -14 -4 
10 7 25 35 18 11 29 24 
-8 25 41 17 6 4 -13 -15 
7 -7 2 9 -6 -9 -10 3 
-28 -4 6 5 -2 -11 -16 -30 
6 -15 -55 -29 -6 -3 -5 3 
-24 0 20 3 -1 3 5 -6 
0 11 24 27 15 15 16 5 
6 3 27 13 1 3 6 9 
-5 2 -4 -6 4 10 10 -1 
3 -4 -19 -23 1 4 8 8 
-9 11 -25 -5 -5 -7 -3 -7 
-7 -21 2 39 18 5 -6 -4 
4 -6 -33 -58 -14 -9 -7 11 
-13 -1 -19 3 -3 -3 -9 -26 
-17 -16 -22 -5 -16 -16 -17 -30 
21 18 66 31 13 14 18 4 
-4 8 49 30 7 5 -2 -12 
21 7 31 25 2 -3 -21 32 
-17 11 54 18 -9 -7 -11 -52 
0 -17 -69 -64 -13 -4 16 10 
0 12 32 23 -2 -6 -8 11 
-3 -13 -41 -38 -16 -5 -9 8 
-10 -8 -1 4 -4 -6 -9 -11 
6 2 -1 0 6 1 0 12 
3 8 9 19 3 1 2 3 
-2 -5 -14 3 -1 2 0 -1 
-1 2 19 3 -5 -4 -3 1 
-1 6 7 2 -1 1 -6 -5 
0 -5 -9 -1 2 1 2 -7 
1 -2 0 -4 -2 -5 -5 0 
-3 -3 -6 -3 -1 -1 -1 1 
-1 -10 -12 -7 -4 -5 -3 0 
-4 -1 -5 -11 -6 -2 0 3 
-3 -15 -9 0 1 0 3 -3 
11 -1 4 7 2 1 3 6 
-3 -6 -2 0 -2 -3 0 2 
3 1 3 7 8 2 5 5 
1 3 -8 -16 -4 0 -5 -1 
3 -4 -3 -2 -2 -4 1 -1 
-8 2 19 23 16 17 8 1 
-4 9 5 -8 -11 -2 1 0 
-7 -7 -11 -4 -3 -7 -11 -14 
11 7 0 -4 2 3 4 10 
-17 -36 -15 -13 -7 -8 -9 -14 
10 14 15 15 3 6 14 14 
-10 -12 -11 -3 0 1 -1 -8 
-6 40 20 5 8 -6 -24 -15 
-1 -2 5 -9 3 -3 -24 -11 
5 14 20 21 12 9 12 9 
7 -1 2 3 -1 10 30 16 
5 19 36 18 3 10 21 10 
-4 -35 -33 -2 -5 -6 -3 0 
-2 7 -27 -44 -22 -22 -24 -11 
2 -11 5 -3 -16 -33 -44 -37 
8 7 -18 -21 -13 3 7 17 
12 17 50 27 9 12 9 10 
3 -17 -19 -4 -6 -4 -10 -1 
5 36 67 40 10 9 25 19 
-23 -14 18 -5 -11 -5 -5 -13 
9 15 2 4 12 24 46 27 
9 24 47 43 29 28 38 27 
-25 -53 -95 -46 -16 -23 -25 -19 
9 -27 -50 -8 3 17 20 17 
-12 -3 19 8 -1 -5 -18 -17 
5 40 64 15 4 -6 -3 -2 
-21 -53 -52 -22 -2 -24 -14 -12 
23 13 17 35 15 -17 -1 8 
-1 -8 20 32 24 -7 -7 7 
13 28 3 -1 51 49 21 8 
9 29 30 17 4 -25 -11 4 
-13 10 -6 -37 -52 -25 -13 -2 
-6 -35 -28 8 4 14 11 -3 
-1 9 9 13 16 8 -25 -21 
-8 2 -25 -20 -14 -2 -8 -11 
13 6 -12 -8 -4 -19 -11 0 
-4 1 7 8 14 7 10 -48 
6 8 -4 -6 -10 -12 19 39 
0 17 24 13 8 9 11 -19 
2 -2 -16 -7 -6 -3 -40 8 
12 7 -9 -1 6 3 0 27 
1 -13 -43 -46 -24 -8 18 18 
2 9 29 10 2 6 15 20 
-2 -11 -32 -14 -6 -2 -15 -21 
1 -2 -35 -26 -7 0 -5 -2 
-8 -15 -54 -43 -6 -1 -6 -5 
-8 -10 12 14 -8 -8 -14 -16 
-6 -8 7 12 2 2 -2 2 
3 4 7 0 0 -3 -3 -6 
-6 6 35 14 3 0 -4 -10 
-4 -6 -26 -15 -8 -4 -2 -8 
3 3 12 7 0 0 -2 -1 
-2 -8 -4 3 1 1 -3 -8 
-9 -2 19 5 -9 -5 -2 -6 
0 0 16 8 0 1 1 8 
4 4 4 2 4 5 -1 4 
-3 0 -8 -8 0 -1 -4 -7 
-2 2 -1 -3 -2 -3 -3 -3 
0 3 -5 -2 0 1 3 0 
-4 6 3 2 2 3 2 -4 
-4 -2 1 1 2 -2 -3 -7 
3 7 13 7 5 5 6 6 
0 0 6 8 -2 -2 0 1 
-9 -5 -7 -11 -4 -2 0 -12 
8 0 -1 13 -7 -5 -1 -1 
-3 -3 2 -3 16 4 -9 -5 
-2 0 24 11 3 2 7 1 
-16 -4 -39 -25 -15 -13 -22 -19 
0 3 28 24 31 15 6 0 
-6 -17 -41 -32 -31 -7 3 -1 
0 22 19 23 21 7 -8 -16 
17 -7 4 8 33 13 4 17 
-5 -30 -38 4 6 19 18 10 
24 44 27 44 42 11 13 14 
-13 -1 -17 -16 -20 -32 -35 -25 
3 -22 17 9 -8 12 27 16 
10 20 38 14 4 -16 -6 11 
-1 -10 -47 -50 -59 -31 -29 -7 
2 -57 -54 -38 -1 -9 -32 -14 
-15 -1 -39 -24 -35 -19 -1 7 
11 15 29 -5 -26 -12 3 6 
-22 -23 -18 -21 -42 -37 -41 -28 
12 49 40 -18 1 17 -10 -6 
-7 -14 -29 0 8 3 14 -3 
-4 37 69 38 4 -7 -9 0 
-14 -70 -81 -49 -32 2 -24 -7 
13 53 -23 -29 -46 -35 -25 -17 
20 31 60 58 68 72 20 42 
2 -39 -51 -41 -48 -39 -49 7 
25 69 42 9 -8 11 7 39 
-15 -32 -50 -26 -19 -6 -19 -16 
7 1 -22 -22 -14 4 33 3 
1 -16 -62 -43 -15 -9 31 26 
-11 -24 3 2 7 22 5 -25 
16 20 111 75 56 31 30 27 
-1 4 25 17 12 -12 -20 -21 
-10 3 22 -10 -16 10 52 16 
3 6 -34 -19 10 0 -18 -11 
6 -19 -32 -9 -12 -3 -10 7 
17 49 38 6 -12 3 10 25 
-8 -11 2 4 21 8 -4 -16 
-8 0 -11 10 6 -6 9 2 
14 11 18 -2 5 16 5 4 
1 -10 -13 -14 -4 -2 10 -7 
-3 -10 -3 2 -3 -4 -34 -27 
-3 -3 -13 -6 -6 -8 26 0 
4 17 23 9 -2 2 -25 -32 
-13 -10 -31 0 18 5 -5 -12 
15 22 40 -2 -3 -2 2 22 
-6 8 -10 -41 -27 -14 -16 8 
0 -13 -17 -20 -14 0 5 13 
-2 19 -17 -2 11 6 -1 -3 
-11 4 38 19 14 7 6 -18 
-16 -29 6 -1 -19 -15 -17 -17 
4 12 11 10 9 4 1 -2 
0 1 -1 0 -3 -3 -4 -4 
0 -4 1 13 16 7 1 -2 
-3 5 11 2 -1 0 -2 -10 
8 5 17 17 9 9 15 -3 
-1 -2 28 21 5 3 1 -2 
-9 -27 -35 -21 -13 -7 -8 -10 
-1 -12 -21 -4 1 0 -7 -7 
-5 -10 -33 -16 -6 -8 -9 -5 
5 22 15 19 12 2 -5 4 
-4 -13 -17 -16 0 3 4 -6 
0 1 5 -1 -5 -3 -5 3 
0 -2 10 14 4 2 -8 -32 
-4 -11 1 -4 -2 0 3 -12 
1 4 10 2 -6 0 4 10 
-1 -4 3 14 22 8 1 -2 
-2 -9 -5 -5 -4 -3 5 5 
-2 -8 13 6 -2 -1 -3 -1 
-4 -4 -16 -10 -4 -2 6 7 
5 1 2 7 -2 -1 -2 3 
-2 1 -5 -2 1 -3 -9 -3 
2 3 -7 4 4 6 11 11 
-9 9 0 -8 -8 0 -3 4 
-4 -5 1 -20 -9 -3 -3 -6 
13 5 10 -5 9 7 1 5 
-19 -19 -5 -14 -10 -10 0 -10 
16 -4 -31 -6 -6 -1 -1 4 
0 -6 1 0 10 6 7 6 
2 11 23 23 1 0 0 -19 
-8 -24 -33 -21 -12 -18 -14 -11 
7 6 28 30 -4 2 6 7 
-22 -28 -42 -14 9 -1 -7 -6 
16 9 19 1 -9 2 1 10 
10 -4 -18 -10 -7 1 8 8 
7 -4 -9 -7 1 3 14 11 
-20 -22 -15 -30 -24 -13 -1 -10 
10 -36 -46 -8 -15 -8 -4 7 
10 -4 -4 -4 0 -4 -2 2 
25 31 36 20 12 16 16 20 
0 -7 8 -16 7 -1 -10 -6 
2 3 -24 -12 -12 -3 19 8 
-10 -55 -23 -17 -23 -24 -14 3 
-30 -3 -47 -33 -34 -44 -69 -49 
-6 32 61 36 16 -25 -13 1 
-15 18 13 1 -34 17 -8 -28 
-7 10 -30 -12 29 65 7 -13 
-4 -36 -14 -26 -31 61 -1 -12 
9 11 -33 -55 -83 -112 -23 8 
-17 -39 -30 -67 -94 23 -25 -27 
17 15 20 9 9 -15 55 47 
4 -1 -25 -31 -77 -75 -46 -26 
-1 -18 -29 -2 56 39 15 12 
-1 23 32 49 105 104 11 -8 
9 1 4 -6 -3 9 20 42 
-31 7 38 57 32 -55 -6 -49 
-23 -52 -70 -63 -80 -48 15 9 
-21 51 -10 -1 -18 -16 -24 1 
38 23 -14 -41 -34 91 20 41 
-24 7 19 29 16 23 -21 -16 
-48 -47 -73 -79 -100 -99 -47 -51 
8 49 3 -9 13 24 25 8 
30 15 42 -4 -11 -42 -14 -9 
1 12 -53 -38 -33 -19 17 18 
-18 -39 -32 -13 -23 -18 7 -16 
-3 9 41 -4 -10 1 -26 -26 
9 -10 -1 9 -5 -24 -39 8 
20 6 37 55 32 44 2 16 
8 -15 -7 6 -3 40 29 44 
-3 21 34 21 1 -37 -24 -11 
6 -24 -33 -27 -22 7 8 10 
-2 1 8 0 -5 11 12 4 
5 -15 -10 7 5 6 28 1 
-8 -37 -8 18 22 -9 6 1 
-9 8 40 40 44 0 -11 -15 
-14 -35 -47 -21 -13 -1 -20 -38 
9 6 16 -6 -15 -3 -21 10 
-2 1 6 13 10 7 4 1 
-8 -23 -70 -50 -21 -15 12 7 
3 11 17 8 4 -2 -4 2 
-8 -3 32 20 5 -2 0 -2 
-12 -24 -51 -17 -11 -16 8 -20 
-6 -7 -2 -15 -8 -12 -6 -6 
9 25 53 44 20 18 5 28 
6 4 2 -9 -5 7 3 4 
5 -1 1 20 2 2 -5 6 
-1 2 17 -2 1 10 -4 6 
-2 4 7 -3 -5 -3 3 -6 
0 3 -27 -20 -2 5 -1 -7 
9 -8 -34 -13 -8 -5 -1 20 
0 2 37 12 -1 -2 -1 -33
15 1 12 -30 14 1 -1 1 
4 -2 -3 29 -3 -2 1 5 
-11 -4 -4 25 15 4 4 6 
-10 -3 1 22 5 2 2 0 
2 3 3 5 5 4 -1 1 
-15 -7 -7 -8 -19 -15 -7 -12 
3 -4 -10 -15 106 80 31 26 
-54 -73 -19 -85 -48 -21 -72 -85 
-55 -32 48 86 127 43 -66 -128 
-20 -21 -29 6 -45 -38 -5 52 
34 15 -10 -54 -86 -32 20 61 
25 41 50 99 1 -1 -7 -64 
60 20 80 93 58 23 -32 7 
-15 -15 -15 3 -62 -26 -2 32 
-23 7 20 63 -4 -11 -108 -102 
-36 21 23 31 -8 -14 -4 7 
-5 4 -41 -34 -47 -36 -4 -13 
48 6 -32 -69 -32 -4 8 7 
-30 -1 -76 19 -4 -1 -17 -39 
1 42 0 -46 13 3 19 4 
14 -10 -39 -78 29 17 14 8 
-20 6 10 33 35 12 17 10 
27 0 24 -37 4 1 -14 -14 
-2 -14 -38 -34 1 -1 -2 15 
2 -8 -8 -18 2 2 7 5 
25 -6 17 -11 8 15 39 93 
-4 1 0 9 9 -3 -22 -22 
-2 -6 -33 -7 -15 -5 -8 -15 
-6 8 38 -30 -6 -2 -4 -2 
-7 1 -2 25 3 2 3 -13 
5 -3 -2 9 -14 -7 -19 4 
18 -3 -3 7 4 3 26 5 
-9 0 2 10 2 -4 -22 -21 
-12 -4 -6 13 -3 -2 -5 -12 
1 -2 -9 -14 -1 -2 -4 -3 
-5 1 32 7 2 0 0 -4 
-8 -3 -10 33 1 -3 -4 -7 
-25 -2 2 12 -1 -1 -8 -16 
17 -1 -7 5 -2 -2 11 15 
7 2 -1 -4 -3 -3 -3 -4 
-1 2 4 0 0 0 -2 -3 
-9 -2 1 -5 -3 -1 -2 0 
-9 -1 -3 0 -3 -1 0 -8 
23 0 7 -5 -2 1 -1 13 
-21 -4 -9 -10 -2 0 0 1 
-3 -2 -16 63 3 1 3 -6 
-6 -5 -30 -90 -16 -4 -2 10 
8 2 15 5 2 -2 -1 -7 
-23 -7 -19 7 5 3 2 5 
-14 6 9 68 4 -2 2 -3 
11 -6 -15 -29 -2 0 -3 -1 
10 6 16 53 6 2 -1 6 
-9 -8 -9 -21 -11 -5 -7 -7 
3 -1 -12 -6 1 -1 0 -2 
10 -3 -6 -31 -8 -1 1 9 
-25 -2 1 -9 16 4 0 -19 
7 11 23 -10 9 7 6 14 
-6 -6 -24 55 8 2 -2 -4 
6 4 15 -11 -3 -3 -2 -4 
27 -1 0 13 1 -2 -1 4 
-4 6 9 8 3 2 1 0 
-4 2 4 5 5 1 -5 -6 
3 1 -4 23 6 -1 -21 -9 
-13 -6 -20 -33 -7 -3 -6 -24 
7 8 8 6 4 -1 -32 -7 
-5 -8 -28 -89 -8 -3 -3 -9 
15 4 10 63 -4 0 45 41 
9 2 1 -43 -33 -10 22 64 
14 1 -33 14 34 -6 4 64 
-21 10 34 11 -7 4 -3 -31 
-23 12 -60 -93 25 63 -30 -128 
-33 -4 10 66 14 -16 -42 -107 
56 20 31 -53 -59 -17 83 119 
-18 -1 -10 71 -16 1 -85 -59 
-22 -20 -50 11 24 5 -64 -52 
1 -13 1 32 -18 12 -20 -5 
61 7 112 60 5 10 59 127 
-10 -16 -122 -31 -95 -44 -26 -15 
-22 2 2 31 -60 -33 -39 -47 
-1 17 56 -51 44 -11 16 56 
-29 -31 -84 -41 5 -5 -23 -35 
-29 -31 -84 -41 5 -5 -23 -35 
-17 -19 15 -41 5 8 -22 -97 
19 6 -27 41 -6 -24 24 49 
-7 -7 -14 16 35 9 -24 -11 
10 5 4 7 -7 4 32 43 
10 0 9 8 47 20 -10 -24 
-14 3 21 -25 -9 -2 -5 -31 
-18 -10 -8 75 65 21 -27 -73 
-8 1 17 -10 -10 -5 -8 -4 
1 2 -20 -10 -9 0 5 28 
-33 -16 -41 26 23 -4 -49 -113 
-4 9 43 -8 -1 8 0 -2 
-10 -10 -1 -3 -7 -6 3 21 
3 2 11 -15 19 4 9 8 
-1 -1 10 -28 -20 -9 -46 -21 
1 10 23 34 10 8 32 32 
-9 -12 2 -34 10 9 15 -19 
5 4 17 33 -6 -9 -7 -11 
-11 1 23 28 1 -5 -12 -25 
-14 -4 21 58 -11 -5 -17 -74 
6 5 8 -8 -9 -9 -15 0 
-6 -1 16 32 -1 -2 10 25 
-5 9 35 57 -6 -5 0 -3 
4 -2 4 5 -7 2 -4 -2 
-4 -8 -45 -45 7 0 0 -5 
-1 0 0 -22 -8 -6 1 6 
-1 0 8 85 39 7 -6 -14 
-3 -4 -2 6 2 1 -4 -1 
2 1 8 -2 1 3 2 17 
4 1 3 64 28 11 13 32 
-4 0 2 -6 -2 -4 -12 -23 
0 -1 -1 -19 -11 -4 2 1 
5 3 11 -6 0 -6 6 29 
-7 0 1 51 3 0 -8 -36 
-2 2 -3 -37 -6 -1 -6 -5 
1 -2 18 -14 -9 -2 3 12 
1 1 -3 13 0 -5 2 8 
1 1 4 0 10 10 3 -8 
2 1 -11 -14 0 3 -1 11 
1 -2 -8 -9 -2 1 1 2 
0 -1 0 -19 -11 -8 3 11 
7 4 -2 2 10 1 -4 1 
1 0 1 -16 -4 -2 1 10 
8 -1 -6 -5 -6 -6 -1 -3 
-5 -1 -1 1 -11 -12 -8 -4 
-5 0 3 44 23 15 -6 -6 
-9 1 9 -80 -7 4 37 4 
-37 -5 3 -8 -13 -4 8 24 
-37 -5 3 -8 -13 -4 8 24 
53 19 -10 -61 -5 4 -10 -105 
-65 6 19 46 -1 -1 -80 -63 
3 -18 -48 -34 -5 4 115 71 
1 18 92 127 49 13 -14 -44 
-22 -28 -15 127 -8 -8 49 85 
70 2 -8 -33 -1 0 -72 -55 
56 31 124 127 31 15 20 33 
-128 2 1 11 3 -4 -44 -44 
6 -10 -26 -20 1 1 7 39 
22 0 10 9 9 -2 -10 -20 
25 -4 -24 -4 -6 1 34 26 
16 3 -11 9 4 -1 -7 8 
-5 -3 -18 -8 3 -2 0 -6 
-41 -15 -32 -5 -5 -8 6 -18 
-5 -7 -24 -75 -18 -4 26 19 
11 3 18 4 -3 -1 -6 -3 
1 -5 1 -23 2 5 -5 -12 
9 10 26 42 8 -2 -24 -9 
-5 -7 -40 -35 -5 -2 36 22 
15 8 27 55 6 1 -9 -9 
-86 -23 -113 -72 -36 -20 -28 -59 
5 -5 8 -2 -8 -4 -10 -1 
12 13 64 -15 0 0 9 0 
4 0 -23 -9 0 -1 1 1 
18 -3 -14 -6 1 2 -5 8 
-3 -7 -28 3 -4 -4 4 -4 
10 -3 -5 -25 -4 0 2 18 
-6 4 16 -11 2 1 -1 -6 
12 3 16 3 3 1 3 5 
-11 -3 0 -5 -9 -3 -17 -12 
-8 -12 -4 -2 -9 -5 -5 -7 
8 0 11 8 5 5 2 15 
22 4 -8 -12 -1 0 -4 3 
-22 2 5 4 2 0 3 -6 
7 -3 1 8 -2 -1 1 7 
1 -5 -22 -29 -6 -1 -5 -7 
4 2 5 -1 -1 -2 -3 -3 
-3 -2 -22 -9 0 0 -2 -3 
10 11 10 15 2 1 4 7 
2 -5 6 6 3 0 1 -13 
2 0 17 42 5 0 -3 -8 
0 -14 -10 -31 -11 -7 -4 -4 
11 4 -10 23 4 1 0 4 
0 2 6 49 5 -2 -3 -2 
6 4 -4 37 0 -3 0 1 
0 -3 -30 0 3 1 2 5 
-2 -8 -11 -76 -9 -2 0 -3 
-14 -13 -30 46 -4 -2 -3 -2 
-1 -1 0 -8 2 3 4 3 
4 4 1 -4 -3 1 1 1 
-7 7 16 19 -6 -2 -1 -10 
-6 2 12 54 7 3 0 -1 
3 5 -5 -56 12 10 5 8 
0 -10 -30 -7 -7 -8 -5 -5 
-7 6 4 -3 -28 -12 -6 -4 
6 5 29 -17 -9 -14 -3 2 
1 -1 47 25 22 11 4 4 
4 1 -7 30 -13 6 5 7 
12 18 -16 -54 -14 -26 2 54 
21 35 31 22 27 15 20 46 
-43 -39 -41 -38 -23 27 -21 -106 
21 12 75 120 84 24 10 -8 
-29 -5 -8 66 6 -23 -43 -86 
48 16 28 -2 -7 -11 13 109 
4 2 26 30 -22 6 47 38 
25 16 62 60 -31 -14 -27 52 
-5 -15 -35 -53 83 47 27 16 
13 2 66 58 16 2 -4 13 
20 18 20 76 61 9 16 38 
-1 -18 -61 -107 -26 -1 -2 7 
-41 4 47 8 -29 -20 -15 2 
18 10 40 10 47 17 14 47 
8 3 10 -45 -15 1 -6 24 
17 -9 -44 -77 -31 -13 14 18 
18 14 0 110 5 8 14 24 
2 5 20 37 -22 -20 0 54 
0 0 32 55 9 3 -5 -57 
22 -1 -22 -42 -6 -9 -5 26 
-12 -11 -36 -35 -29 0 -10 -6 
-13 -9 -20 -27 4 1 -2 -35 
4 6 33 58 22 0 -3 -19 
13 4 13 -16 -10 -5 4 45 
5 -4 -14 -1 -1 -2 8 20 
-9 -6 -4 8 7 0 20 4 
-11 0 8 29 -12 -8 5 -9 
0 3 3 8 38 16 0 -11 
-22 -15 -44 -59 -23 -10 -28 -97 
-3 -6 -15 -6 -14 -10 1 34 
6 1 11 9 5 -1 10 17 
25 3 -11 -38 -18 -5 33 2 
-3 -8 -15 -38 8 0 -56 -26 
-20 -12 -32 -29 -14 -8 3 -24 
-6 2 6 25 3 -1 7 17 
8 0 10 -4 0 -1 8 16 
-9 5 16 33 -1 -1 4 -3 
-38 -24 -36 -20 -7 -3 0 -19 
4 6 38 17 6 3 3 8 
11 -1 -7 -2 2 2 -7 8 
5 -15 -67 29 -10 -9 1 0 
13 7 52 2 6 2 -5 10 
-12 -1 1 -6 4 2 5 -5 
14 -7 -3 -21 -2 -2 -7 5 
9 12 57 8 -1 2 0 0 
14 -9 -19 -11 -6 -2 -6 -1 
-1 0 -33 16 2 -1 -4 -2 
-7 3 7 -17 0 -1 2 3 
9 -8 -16 0 -3 0 0 -1 
-1 5 14 -12 -3 2 1 -6 
-32 -4 35 19 3 0 -2 -6 
-12 1 41 75 5 0 0 -14 
-9 -4 19 -25 5 4 0 -7 
4 1 13 57 20 7 9 13 
-22 -2 -35 -46 -22 -9 -1 -17 
11 -1 -2 17 16 3 -1 15 
-26 5 4 20 -3 -3 -2 2 
5 -9 -6 8 6 3 1 -2 
-3 -3 -4 40 9 0 0 5 
-25 -8 -6 64 11 4 3 11 
7 3 4 20 10 3 0 1 
1 9 -19 -25 -4 -3 0 -5 
-14 0 9 17 7 1 3 2 
5 -1 5 43 -1 -3 -1 2 
9 13 34 -9 4 -14 1 17 
-14 -15 4 12 -1 -27 -6 16 
4 -22 -7 -8 59 14 20 56 
-26 -8 -1 -17 2 -24 -59 -101 
10 -12 -14 46 -11 -29 -46 -56 
13 16 33 34 -12 -27 -29 -58 
10 -2 -12 9 13 16 65 30 
-6 -6 -34 -118 -57 -18 6 -67 
-12 -9 -6 53 34 -3 -24 -47 
-15 -15 -3 -45 1 -2 38 -21 
-2 -11 -21 73 38 13 -17 -89 
10 6 -17 -117 -25 -3 5 30 
22 8 42 51 20 11 6 20 
16 1 30 56 18 3 -24 47 
9 4 8 -20 1 3 31 12 
-19 -5 -90 -59 -5 -2 -1 25 
1 2 20 47 2 -3 4 -2 
-12 -6 -27 -32 -14 -6 -3 -12 
5 2 -12 -55 2 4 0 7 
8 2 -4 11 12 9 2 41 
2 4 9 -20 0 5 10 47 
-14 0 6 -22 12 4 -18 -85 
1 5 18 20 -7 6 -1 -13 
-12 -10 -33 45 19 2 -4 -11 
0 -6 -9 -11 -30 -8 -5 -5 
4 -5 1 49 0 -9 -4 43 
-5 -3 -16 -29 -14 -2 -4 -70 
-8 -11 -28 -11 -14 -8 1 25 
-4 3 26 90 51 13 1 -42 
7 5 4 -18 0 2 5 24 
-2 -5 -3 -41 -10 -5 -11 -17 
13 7 25 65 -7 -8 9 92 
4 5 22 53 9 3 -11 -18 
11 1 19 95 3 -3 -8 29 
-22 -1 15 49 -6 -4 28 9 
28 15 -33 -76 -14 -4 31 3 
-40 -6 43 -11 18 9 -102 -64 
-22 4 -35 23 -32 -8 83 41 
5 24 18 47 11 15 49 -112 
35 7 -2 -20 -22 6 -49 -18 
-128 -53 -73 -46 -15 -13 21 21 
-12 -8 3 -74 3 10 -30 -25 
18 4 31 57 4 0 -36 -5 
38 4 30 -9 16 5 6 13 
19 -5 -7 -27 8 2 -8 18 
-5 1 -3 6 -4 -1 -19 -5 
31 -4 -1 13 5 -2 -7 2 
-11 -6 -1 -37 -6 -4 16 29 
-3 5 3 5 0 -2 -27 -19 
-3 -6 5 24 1 0 -11 3 
3 -2 6 3 0 -1 -4 -2 
2 -8 -6 -12 4 0 -2 1 
7 3 7 2 2 1 0 4 
-2 -1 -1 -3 -1 -3 -12 -6 
3 3 6 1 -1 -2 -6 -1 
1 2 2 -3 -1 1 -4 -4 
4 -1 -13 -5 -2 0 -1 6 
-10 -2 6 -4 -3 -1 -2 -12 
6 -4 -3 -3 -1 -3 1 1 
2 0 0 -2 -1 -1 -1 -1 
-2 1 3 -1 -4 -1 -3 -2 
-3 0 4 0 -1 0 -3 -3 
-1 0 1 -1 0 0 -2 -3 
-1 1 2 0 -1 0 -1 -1 
0 -2 -1 -1 0 -2 -1 0 
0 -1 1 -1 1 -2 0 -1 
0 -1 0 -1 -2 0 -1 -1 
-2 0 -1 0 -2 1 1 0 
-1 1 0 -1 0 -1 -2 -1 
0 -1 0 -1 0 -1 -1 0 
-1 -3 0 -1 0 -2 -1 -1 
-1 0 1 -1 0 0 -2 0 
0 -2 1 -2 -1 -1 -2 -1 
1 0 11 -1 0 -1 -1 0 
-2 2 -2 -1 -1 0 0 0 
-2 -2 -7 2 0 0 2 -1 
0 1 -2 -1 -2 0 -1 -1 
-1 0 2 -1 -2 -1 -2 -2 
0 0 -1 -1 -1 0 -1 0 
1 1 -2 -2 0 -3 -1 0 
0 0 4 0 0 1 1 -1 
-2 -1 -6 -1 -1 -1 1 -1 
-1 -2 -3 0 -3 -1 -2 -1 
-1 0 -2 0 0 0 -1 -1 
0 -2 0 -1 -2 0 0 0 
-1 0 1 -1 0 -1 -1 0 
1 -1 -3 1 -1 -1 0 -2 
-1 -3 -3 -2 0 1 -1 0 
-3 -1 -1 2 2 -2 -2 -3 
-2 -2 0 0 -1 -2 -2 -1 
0 0 3 -1 -2 -1 -1 2 
-2 -2 -5 -3 -1 -2 -2 -2 
0 0 -6 -4 1 0 1 0 
-2 -2 -3 0 0 1 0 0 
0 -2 0 1 -1 -1 0 1 
-2 1 0 0 -2 -1 -2 0 
-2 -2 -2 0 0 -2 1 -3 
-1 -1 0 -2 0 0 0 -1 
-2 -1 -1 0 -2 -1 0 -2 
2 -1 1 -1 -1 -2 -1 0 
0 1 -2 -2 -1 0 -1 0 
-2 -2 1 1 -1 0 -2 0 
0 0 -1 1 0 -1 0 1 
-2 0 -1 -1 -1 -1 -1 -1 
0 0 1 1 0 -1 -2 -3 
-1 0 -1 -2 -1 -1 -1 -1 
-1 -1 1 -2 -1 1 -1 -2 
-2 -1 -1 -1 0 -2 -1 -2 
-1 -2 -2 -2 -1 2 -1 0 
1 0 1 1 0 -2 -1 0 
0 -1 -2 -1 0 -1 0 -1 
-2 -3 0 -3 -1 0 -1 -2 
1 1 0 0 0 -1 -2 -2 
0 -3 -1 -1 -1 -1 -1 0 
0 2 0 -2 -2 -1 1 1 
-1 -2 -3 -2 -1 -2 0 -2 
0 1 -1 -1 -1 -2 -2 1 
-2 -3 1 2 1 0 0 -1 
0 -2 -2 -2 -3 0 0 0 
-1 0 1 0 -2 -1 -1 1 
-1 -1 0 -1 0 -1 -1 0 
1 -1 -2 0 -2 -1 1 0 
-1 -1 -3 -2 -1 -1 1 -1 
-2 -1 -1 -1 -1 0 0 0 
-2 -1 1 -1 0 -1 -2 -2 
-1 -3 -5 -2 -2 0 0 -1 
2 0 -2 0 -1 -2 1 -1 
-2 -1 0 0 -2 0 -1 0 
-1 -2 -3 1 -1 -1 -1 1 
-1 -2 0 -1 -1 0 -1 -1 
-1 -2 0 1 0 1 -1 -2 
-1 -1 -2 -2 -2 0 0 0 
0 -2 0 -1 -1 -1 -3 -2 
0 -1 -1 0 0 -2 -1 0 
1 0 -1 -2 -1 -2 0 0 
-1 0 -1 -3 0 -2 -1 -1 
-2 -3 0 0 1 1 -1 -1 
1 -2 -1 -1 -1 0 1 0 
-1 0 -1 1 -2 -2 0 0 
-3 2 0 0 0 0 1 -1 
-1 -3 0 -1 -1 -2 -1 0 
1 0 -1 -1 -2 -1 -1 -1 
-1 0 -2 0 -2 -1 0 0 
-1 -1 0 -2 0 0 -1 -1 
-2 -2 -1 0 -3 -1 -1 -2 
0 -1 0 -1 -1 0 0 0 
0 -1 -2 -1 -2 -1 -1 -1 
2 -1 0 -2 -1 0 -1 0 
0 0 -1 -1 -1 0 -1 1 
-1 -1 -3 -1 -2 -1 -1 -1 
-1 1 -1 0 1 -2 -1 -3 
1 -2 -4 0 -1 0 -1 -1 
-1 0 0 1 0 0 0 1 
-1 0 1 0 0 -2 -1 -1 
-1 -2 -2 -1 -2 -1 0 -2 
0 -3 0 0 -3 -1 -1 0 
1 -1 -2 -2 -1 -1 -3 1 
-1 -2 -1 0 0 0 0 0 
-1 -1 0 -2 -1 1 -2 0 
0 0 -2 -2 0 0 -1 0 
0 -2 -1 -2 0 0 -1 -2 
-2 0 -4 -2 0 -1 -1 -2 
0 -1 1 1 -1 -2 0 -1 
1 -2 -1 -2 0 -1 0 -1 
0 -1 0 0 0 -1 0 0 
-3 0 -1 0 0 -2 0 -1 
0 -1 -3 -2 -3 -1 0 -1 
-1 -1 -2 0 -1 0 0 1 
-1 0 -1 -1 -2 1 -1 -1 
-1 -2 0 0 0 0 -2 -2 
-1 1 0 2 0 0 0 -1 
0 0 -1 -2 0 -3 0 1 
0 0 -1 -3 1 -1 -3 0 
-1 -3 -1 0 -2 0 -1 0 
-2 -1 0 -1 -1 -2 1 -1 
-2 0 -2 -1 -1 0 -1 -1 
0 1 -1 -2 0 -1 1 -1 
0 -1 -1 0 -2 -1 -2 -1 
-1 1 0 -2 -1 0 -1 1 
0 -1 -1 -2 0 -1 -2 -1 
0 -1 -1 0 -1 -1 -1 -1 
0 1 -1 0 0 -2 0 0 
-1 -1 1 0 0 -3 -1 1 
1 0 0 0 -1 -2 1 0 
-2 -1 -1 -1 0 0 -1 0 
0 0 -2 -1 0 -1 -1 -1 
-1 0 2 -1 0 0 -1 0 
-2 0 2 0 0 -1 -1 -1
1 0 1 2 -2 -1 -1 0 
-1 1 2 -1 -1 -2 -1 0 
-1 -2 1 0 -1 0 0 -2 
-1 1 0 -2 -2 0 -2 -3 
0 0 -2 -3 0 2 1 0 
-2 -1 -3 -4 0 -3 -2 -1 
-2 1 4 2 1 2 1 1 
0 -4 -3 -3 -1 -1 0 -1 
-1 -3 -2 -3 -1 -3 -2 -1 
1 2 2 2 1 1 -1 -2 
-2 -2 -2 -5 -4 -1 0 0 
-2 0 0 -1 -1 -1 -1 2 
-3 -1 -5 0 0 -2 -1 -1 
1 1 2 -1 -1 1 0 1 
-3 -6 -7 -4 1 0 -1 -1 
3 5 -1 -3 -1 -2 0 1 
-2 0 -3 -1 -2 -2 -3 2 
-1 -2 -4 -4 -4 -3 -2 -3 
1 2 1 0 -1 1 0 2 
-3 1 1 0 0 1 1 -1 
-1 -6 -3 4 2 -2 -1 -2 
0 -1 4 4 0 -1 -2 1 
1 6 7 1 1 -2 0 2 
3 7 14 6 6 1 1 -2 
-2 -10 -9 -2 -4 0 1 1 
3 2 0 -1 0 2 1 3 
-3 -2 5 -5 -4 -4 -1 -2 
-5 -9 -4 -4 0 1 -1 -2 
-5 -9 -11 -7 -5 -2 -4 -3 
3 10 11 1 1 0 0 1 
-1 -4 -7 2 0 -1 -1 -1 
1 3 8 -1 1 1 0 -1 
2 5 6 8 2 -1 0 -3 
1 10 7 7 5 0 4 0 
0 2 -5 2 2 0 3 0 
-4 -6 -7 -8 -7 -6 -4 -4 
-5 -7 -10 -4 -1 -2 -1 -1 
2 -5 -16 -7 -6 -4 0 0 
-2 3 9 -3 -5 -5 -4 -6 
-18 -35 -29 -10 -11 -11 -19 -29 
16 30 29 22 15 11 10 10 
-2 -8 -2 -1 1 5 4 -5 
10 22 2 4 8 8 10 20 
-27 -1 -7 -8 -9 -16 -36 -56 
13 -14 9 7 1 6 15 45 
-7 5 -2 1 12 7 7 5 
-29 -38 -28 -25 -12 -5 -1 -20 
27 -3 -49 -61 -22 3 26 63 
4 7 -11 -28 -22 -18 -23 -16 
-7 2 -11 25 7 -4 -11 -15 
-16 -24 -29 -6 2 4 6 0 
-2 -6 -9 -3 -3 5 13 15 
20 18 29 4 -1 -1 0 4 
-18 -14 -9 -1 1 -1 6 -8 
-7 4 -5 8 2 -4 -19 -4 
1 20 35 13 7 3 -2 9 
-7 37 54 45 22 11 10 -9 
32 33 36 -4 2 7 8 17 
2 -4 25 16 3 0 9 -1 
-16 -9 -15 -5 -2 -4 -8 -8 
3 2 6 -2 -3 -3 -2 -5 
-3 -16 -16 -9 -12 -6 0 -7 
0 -11 -8 -3 7 3 1 -3 
-6 7 7 1 -8 0 -2 -4 
-8 -3 -6 -4 4 -5 -12 -10 
8 6 12 2 -1 -2 -5 -2 
-5 -5 6 11 7 3 2 0 
-2 -19 -15 2 4 1 1 -7 
-5 -18 -23 -6 -4 -2 -3 -6 
6 -4 1 -1 -5 -1 1 0 
2 -7 -10 -6 -4 -3 -3 -3 
-13 -17 2 -3 -3 -4 -6 -2 
-8 0 -9 -4 -4 -4 -3 -5 
2 9 11 -2 -1 -3 -5 3 
7 5 7 0 -5 -2 0 4 
5 6 -3 7 7 4 1 -9 
-6 -9 -23 -9 -3 -3 -8 -5 
-4 2 9 3 1 2 3 0 
1 -9 -17 -7 -4 -5 -6 -3 
2 10 10 2 -1 1 3 7 
2 7 8 4 5 -1 -4 0 
-5 -6 -13 -12 -13 -7 -2 -6 
-3 2 5 5 4 3 1 -2 
-1 -2 -2 5 4 3 2 5 
-2 -7 -5 0 1 -2 -2 -1 
-9 1 1 -1 -2 -3 -1 -10 
0 -3 -18 -5 -3 -2 2 2 
-2 -7 -6 -4 -4 -2 -1 1 
7 4 12 14 3 -1 0 -1 
-1 -15 7 6 -2 -1 2 4 
-7 -13 -20 -9 -5 0 -4 -8 
4 4 6 0 2 2 3 7 
4 7 12 8 1 -2 0 8 
0 -4 -4 -9 -6 -3 3 -4 
-3 -1 -10 -8 -3 -2 3 1 
1 2 -3 0 -1 0 -5 -1 
4 7 13 1 1 2 -2 -9 
5 15 15 4 5 2 -1 1 
-2 -6 6 3 2 0 3 4 
-2 -1 -6 -3 -2 1 -2 0 
0 7 10 4 0 -2 -2 1 
-1 1 -2 6 -2 -5 -1 0 
-5 -5 -18 -10 -6 -3 -1 -3 
1 -13 5 20 4 0 1 -1 
-4 2 -13 -15 -2 -1 0 1 
6 -7 1 10 3 -1 -1 0 
9 11 33 5 3 2 3 9 
7 17 22 12 5 3 2 -15 
-5 -12 -27 -44 -10 -4 0 -3 
-7 -12 -39 -19 -6 -3 -2 0 
-4 6 26 36 11 5 2 -2 
1 16 14 2 -2 0 -1 -2 
1 1 -5 6 3 -1 -3 1 
-3 0 17 10 2 0 -1 2 
5 -5 -12 -15 -1 1 1 5 
-18 5 -11 -7 -3 -4 -5 -19 
14 -3 -14 -42 -14 -7 0 -2 
3 -6 5 12 2 1 1 8 
-19 -2 1 -5 -5 -3 -2 -7 
20 3 -1 5 2 -1 0 10 
-1 4 9 2 4 -2 -7 -6 
-16 -21 -12 -6 -11 -7 -10 -12 
8 2 -5 -3 -4 1 8 13 
-37 -40 -25 -20 -12 -13 -14 -7 
11 11 -15 -14 -18 -5 -3 -4 
-3 37 -12 2 10 1 -7 -6 
-21 -15 -13 -23 -36 -21 -13 -7 
21 13 17 14 13 13 20 19 
-26 -20 -6 -43 -18 -14 -22 -21 
20 11 3 17 0 9 16 19 
-50 -20 2 -5 -13 -20 -34 -66 
37 36 20 26 20 8 14 9 
-68 -47 -7 29 21 0 -21 -84 
-12 -49 -68 -23 -12 7 8 16 
33 22 13 43 38 26 18 19 
19 9 6 -2 -27 5 23 47 
34 21 13 11 24 15 21 36 
6 -4 -21 -21 8 7 9 -7 
-21 -16 -12 12 5 -9 -15 -14 
14 12 3 4 8 12 16 34 
-14 -33 -41 -7 -2 -3 -13 -16 
35 48 51 8 1 5 13 26 
1 -23 -20 24 11 5 1 -4 
-5 -30 -43 -43 -24 -11 0 4 
15 17 15 24 4 -3 -9 -6 
-6 10 4 -43 -9 -5 -22 -3 
5 -8 -16 2 -9 -2 8 29 
20 0 -22 -30 -9 -1 2 0 
-10 4 -7 26 12 8 5 3 
0 0 -1 -13 -3 -3 -2 3 
-7 -6 7 12 -1 3 1 7 
6 6 -2 -22 -3 -2 4 1 
-13 -11 0 9 0 -1 -8 -8 
2 6 12 -2 4 2 3 4 
-12 -10 -10 -1 3 2 1 -6 
7 -9 -8 -9 -2 -2 2 8 
-2 7 1 -1 -1 0 2 0 
-8 -10 -4 0 0 0 4 3 
5 4 -9 -10 -5 -2 1 4 
-14 -5 -11 2 13 -3 -10 -8 
1 -5 -5 -15 -9 -6 -5 -2 
-20 -3 -2 2 -9 -3 -1 -15 
9 12 18 6 7 3 1 0 
1 -10 -12 -9 -8 -2 -2 -4 
6 -4 -19 -5 -2 -4 -4 -3 
4 6 -3 -4 -1 1 3 -3 
1 5 10 2 3 2 1 -4 
-4 3 4 9 10 4 6 3 
6 3 -4 1 4 2 -4 -1 
2 3 -1 -5 -3 -2 2 5 
-4 -8 -16 -3 -7 -3 -4 1 
-15 -24 -18 -22 -14 -9 -6 -8 
6 4 0 -4 -5 -3 -9 -3 
0 -3 -7 -10 -12 -6 -3 -11 
-4 7 8 6 0 1 2 1 
-12 1 2 1 6 4 0 4 
17 0 -5 -10 -10 -5 1 -6 
16 6 9 11 8 4 3 7 
-9 -26 -9 -15 -18 -11 -9 -6 
-1 5 5 5 9 1 -2 0 
9 21 14 2 7 4 4 3 
-6 9 9 2 -6 -3 1 -1 
-13 4 -3 -4 -2 -1 -3 -13 
3 -10 -14 -1 -3 -2 1 10 
-4 -3 1 2 0 -1 0 -3 
10 -1 -2 -3 -3 -2 1 14 
-12 -9 -8 -5 -1 -2 -3 -7 
-5 -1 7 6 2 2 -1 8 
0 -1 8 13 3 5 8 13 
0 5 -1 9 8 3 -1 -5 
9 2 -4 -10 -10 -4 0 5 
3 -7 -1 0 0 0 1 1 
-6 1 -1 4 1 0 2 0 
-1 3 -1 -5 -7 -2 -3 -5 
10 5 8 7 5 5 0 -5 
0 2 7 10 11 1 -1 -2 
-14 -7 -8 -8 -6 -4 -9 -9 
8 -1 7 6 8 4 4 6 
-10 3 -9 4 -2 -1 0 -4 
-1 4 20 13 10 6 5 7 
1 -3 1 0 1 3 1 -4 
9 2 -5 0 1 -1 -2 9 
-3 -3 -5 -10 -16 -6 -3 -4 
0 -3 -17 -23 -8 -4 -2 -2 
-3 -2 2 10 3 2 0 0 
3 1 12 0 6 3 4 0 
0 -6 4 6 -2 -1 2 7 
-4 4 14 4 1 -1 -1 -5 
-7 -8 -10 3 7 -2 -5 -5 
7 -15 -9 -1 -2 0 -1 0 
4 15 7 2 1 0 2 1 
0 -7 -15 -13 -7 -3 -3 -3 
-1 -3 -5 1 -2 0 0 -10 
4 -7 -18 -6 -3 -5 -6 -3 
-27 0 16 -9 -10 -8 -8 -8 
14 6 6 8 5 2 1 6 
10 8 2 -1 -5 1 1 -7 
-9 -15 -56 -5 32 10 8 6 
11 4 8 10 9 6 12 20 
7 -5 -1 -4 1 5 14 35 
15 -3 -16 -14 -10 4 15 32 
-10 2 14 12 6 -4 -17 -8 
7 1 -36 -26 -16 -2 12 25 
-15 -20 26 11 2 -12 -24 -4 
-12 -18 -1 -14 4 -4 -10 -34 
3 -17 -27 -16 -27 -5 10 28 
14 0 -21 -29 2 6 13 32 
-28 8 23 31 10 2 1 4 
-2 22 -7 -6 0 1 2 -28 
4 -4 -22 -11 -14 -12 -8 -1 
20 16 34 45 15 9 8 -11 
26 -21 -21 18 -1 -3 -2 5 
18 11 15 8 1 2 -10 3 
27 -5 -13 2 10 7 18 32 
-16 8 24 3 -4 -8 -3 -25 
7 -14 -17 -6 1 -1 3 4 
-19 -27 -70 -52 -20 -18 -21 -21 
-10 -5 -5 11 5 5 10 -1 
7 25 24 -2 2 -2 -8 -1 
-15 -27 -54 -15 -11 -6 -6 -13 
-30 -21 -45 -1 0 -3 -6 -27 
-1 -10 -20 -9 -2 0 8 12 
-17 -2 15 1 2 -1 -7 -5 
-1 10 26 17 8 3 -3 0 
-1 7 10 -1 1 1 0 -16 
1 7 7 11 10 3 5 0 
6 7 12 1 -2 3 4 8 
8 3 0 5 7 8 11 8 
-1 -10 -18 -16 -8 -4 -3 3 
-3 11 21 12 -1 1 0 2 
14 3 -5 -5 -5 -6 -6 -4 
4 9 18 -6 -8 2 9 6 
9 -2 11 13 9 0 -1 14 
-5 -11 -16 -2 -4 0 0 3 
-1 5 4 2 -3 0 3 6 
1 -2 20 13 5 1 0 0 
0 12 3 -2 -8 -4 -14 -5 
-7 -3 10 1 1 -2 0 -3 
-3 -4 -3 -2 -2 -2 -1 6 
-6 -1 -14 -5 -2 -2 2 -8 
-17 -44 -46 -17 -10 -3 -3 -5 
1 12 16 3 -1 1 2 3 
11 5 13 13 10 4 3 -1 
9 9 -1 -14 -6 -1 3 1 
9 6 -4 -5 0 -2 -2 -7 
6 6 0 4 4 0 8 -1 
-15 -6 0 -2 0 -5 -19 -7 
5 0 6 -3 0 1 4 5 
-7 -5 -6 2 0 -1 0 -2 
-7 -3 -11 1 4 -1 -9 0 
8 3 -3 -14 -12 -2 5 12 
-21 -25 -20 -9 -4 -5 -10 -13 
15 17 17 12 3 2 1 8 
-1 2 7 -1 -4 -3 -2 2 
11 -4 -10 -2 3 1 4 6 
9 10 8 2 0 -1 -10 -4 
-8 -6 -10 -6 -2 -2 7 5 
-16 -1 -1 5 8 0 1 -9 
8 14 27 3 -2 1 0 3 
-5 9 19 4 0 0 -2 -12 
2 -13 -12 -2 -1 -2 0 2 
8 -2 -2 1 2 2 4 11 
2 1 2 -3 -6 -4 -2 3 
-1 -1 -5 -6 -5 -2 1 0 
1 -7 -1 1 2 1 0 -2 
-3 -14 -18 -8 -3 -1 -1 0 
-3 -3 -7 -4 -4 1 0 0 
0 -3 2 2 -3 0 -1 0 
0 -4 -4 2 -2 0 -2 1 
-1 5 -9 0 3 1 1 1 
-1 3 16 -1 -2 -6 -6 -4 
-10 -16 -11 -3 0 -5 -6 -10 
4 -6 3 8 11 4 6 -3 
-20 -4 -27 -23 -22 -17 -17 -20 
5 5 17 52 45 23 13 6 
39 13 4 26 17 27 31 45 
-7 2 8 20 11 3 -7 -41 
-9 0 7 8 0 -2 3 20 
3 21 20 -5 -8 -2 -16 -45 
46 -2 12 5 -8 3 15 32 
-4 -2 -8 -14 -2 -14 -23 -18 
-15 -11 -17 -29 -28 -19 -6 1 
-3 2 -3 -16 9 1 3 -8 
5 -1 0 -16 -5 -2 7 17 
-1 9 -11 -43 -24 -12 -12 -12 
-17 -16 -2 5 1 -3 0 -25 
-7 -2 -3 0 -5 -3 -6 -6 
-29 7 0 -1 2 -2 6 1 
3 -4 -10 0 0 -2 -12 -6 
-7 5 10 3 3 2 0 -7 
2 0 -6 -11 -6 -8 -8 -2 
-1 3 2 -12 -8 -5 -7 0 
-1 -2 -6 -2 -1 -4 -1 -3 
3 -1 -7 -3 -4 -2 -9 -5 
-6 -5 -6 -6 -4 -3 0 -3 
3 -1 -4 0 -2 -1 -4 -3 
-5 -20 -20 -1 -7 -5 -7 -3 
2 9 4 -4 -6 1 4 4 
-3 -3 -3 5 7 0 -3 -5 
-3 -3 -2 -4 4 1 -1 -1 
1 -7 -6 -4 -3 -1 -2 0 
3 5 8 4 3 0 0 1 
-1 -2 -4 -2 -1 -1 1 -2 
0 7 1 -2 0 -1 -1 -2 
-2 1 -2 -3 -4 -2 -2 1 
1 3 4 3 1 2 1 1 
1 0 4 2 2 1 2 1 
0 0 1 -5 -3 -1 -1 -1 
0 3 7 2 -2 0 0 1 
0 4 10 3 0 0 2 0 
1 0 -1 0 0 0 -2 -1 
-1 0 -2 0 0 -1 0 1 
0 -6 -4 -3 -2 -1 -3 0 
-2 3 0 -4 -4 -3 -2 -3 
1 -5 -7 0 -1 -1 -1 1 
-1 -4 -4 -2 -3 -1 -1 0 
-1 1 5 1 1 1 -1 0 
-1 1 -2 -3 -1 -3 -1 1 
1 0 -2 1 0 -1 1 -2 
-4 0 -7 -8 -3 -2 -2 -2 
-1 0 2 1 0 2 1 1 
1 -1 0 -1 -1 -1 0 1 
-1 0 -1 -5 -2 -1 -3 0 
1 2 0 -5 -2 -2 0 0 
-1 -2 0 2 1 0 0 -2 
-1 -1 1 2 0 0 2 -1 
1 0 5 1 0 -2 -1 -1 
-3 0 -2 -2 -1 1 -1 -1 
-2 -2 -1 -1 -2 0 -3 0 
2 2 4 2 0 0 1 -2 
-1 2 3 0 -2 -1 0 0 
-3 -3 -2 0 1 -1 0 -1 
-2 -1 -5 -2 -1 -2 1 -1 
-3 -3 -7 -3 -2 -1 -3 0 
0 -1 -2 1 0 -1 -1 -1 
-2 -4 -10 -4 -3 -4 0 -3 
-1 0 -2 -4 -1 -4 -1 1 
-2 -2 0 -1 0 0 0 0 
0 0 -1 -1 -1 -1 0 -1 
2 -1 -2 0 -1 1 -2 -1 
-1 -1 0 -1 0 0 -2 -2 
-1 -1 2 -2 0 -1 -1 -1 
1 1 4 3 0 -1 1 -2 
-1 0 -2 -1 -2 -2 1 1 
-2 -5 -3 -3 -2 1 -1 -1 
-2 -2 -6 -5 -3 -1 -2 0 
1 0 0 2 0 -1 1 0 
-1 1 1 1 -1 0 0 -2 
0 -2 0 0 1 0 0 -2 
-1 0 4 5 3 0 0 3 
-2 -4 -8 -6 -2 -2 -3 -2 
1 1 1 0 -2 0 0 -2 
0 2 4 4 -1 0 0 -1 
-4 -3 -7 -6 -4 -2 -2 -4 
1 1 2 -3 -1 -2 -1 0 
-1 -2 -3 -1 -1 -1 -2 2 
0 -5 -9 -4 -2 0 -2 -2 
-2 -1 2 0 1 1 0 0 
-2 -2 0 3 0 0 -1 0 
-1 -2 -1 -1 0 -3 0 -3 
-1 0 -2 -1 -2 -2 1 -1 
1 1 -1 0 -2 -1 -2 -1 
-2 2 0 -3 -1 -2 -3 -1 
-2 0 -1 1 -1 -4 -3 -2 
2 1 -4 0 -1 -1 1 1 
-1 -4 0 2 0 -1 0 -1 
-1 -1 0 3 -2 -1 -1 1 
-1 -5 -2 3 2 0 -3 -2 
0 2 0 -3 -2 1 2 -1 
-1 0 1 -1 -1 0 -3 -2 
-3 -4 -9 -8 -4 -4 -3 -4 
-4 -4 -3 -5 -3 -2 0 -2 
2 1 4 5 2 1 2 0 
0 -1 1 0 2 -1 1 1 
-1 2 -3 -3 -3 -2 -1 0 
1 -2 -2 1 -3 -1 0 -1 
0 -2 -2 -3 -1 -1 -2 -1 
-3 4 0 -4 -4 0 0 -1 
-2 -7 -2 -2 1 0 -1 0 
0 0 1 1 -1 0 -1 -2 
2 -2 0 1 1 -1 -1 3 
1 -3 -1 -1 -1 -2 1 -3 
-1 0 -2 0 0 -1 0 1 
0 -7 -2 2 2 1 0 -2 
-1 -2 0 0 -1 -3 -3 0 
0 -5 -5 -1 -3 -2 -3 -1 
1 -2 -6 -1 -3 -2 -1 -3 
-1 0 3 -2 -1 0 0 0 
-3 -2 -15 -10 -4 -3 -2 -2 
-2 5 5 1 2 0 0 1 
2 -2 -2 0 -1 -1 -1 0 
1 0 3 2 0 0 0 -1 
1 2 1 0 -1 -1 -1 -1 
1 1 4 1 1 0 -3 -3 
-3 -4 -6 -2 1 -1 -3 -2 
-2 3 3 1 1 1 2 0 
-2 -1 -1 2 0 -3 -2 0 
-1 1 3 3 1 1 1 1 
-3 -1 1 2 -1 -3 -2 -3 
-1 -4 -3 -2 0 1 -2 -2 
-1 2 -7 -9 -3 -1 2 -1 
0 0 -1 -1 -4 -1 -5 -2 
0 -1 4 0 1 1 0 2 
1 -4 1 2 1 0 1 -1 
1 5 1 -2 -3 -1 -3 -1 
-1 -1 0 -1 0 -1 0 0 
2 5 1 -5 -1 -1 -1 -2 
1 -2 0 0 -1 -3 1 -1 
-1 -4 -3 0 -1 -1 0 0 
-3 -3 -1 0 -1 1 -1 -2 
-3 -3 -2 -3 0 0 -2 -2 
0 -2 0 -2 -1 1 -1 -1 
1 1 2 4 0 0 0 2 
-2 0 -2 -1 -2 -2 -1 -2 
2 -3 1 -1 -1 -2 -1 1 
-1 -3 -2 1 0 0 0 0 
-1 -1 -1 -1 -1 -4 -1 -1 
0 -4 -6 -7 -2 -3 -1 -1 
2 1 3 -5 1 0 0 1 
-1 0 3 -1 0 -1 1 1 