-1 -1 0 -2 -1 -1 -1 -1 
-1 -1 -1 0 1 -1 -1 1 
1 -1 -1 0 -1 0 -1 -1 
-2 0 -1 -2 -2 -1 1 2 
-2 -1 -1 1 -1 0 -1 0 
0 0 -2 -1 -1 -1 -2 0 
0 -1 -1 0 -2 0 0 1 
-1 -2 -1 -2 0 -2 0 -2 
-1 0 -1 1 -1 -1 0 0 
-3 -3 -3 -1 0 -1 0 -1 
-1 -1 -2 0 -1 -1 1 0 
-1 -2 0 0 -2 0 -1 0 
-1 1 0 -2 -2 0 -1 -2 
-1 -1 1 -2 1 0 -2 -1 
-1 0 0 -2 -2 0 0 -1 
-1 0 -1 0 -2 -1 -2 -2 
0 -1 0 -1 0 -2 0 -1 
-1 -1 -1 -1 -1 0 0 -1 
0 1 -1 -2 1 -1 -1 -2 
-1 -2 -2 0 -1 -1 -1 -1 
1 -2 0 1 -1 -1 0 0 
-2 0 -2 -1 -1 0 1 0 
-2 0 0 -1 0 1 -2 -1 
0 -2 -1 -1 -2 -1 -1 1 
-1 0 0 0 0 -2 -1 -2 
-1 -1 -1 -1 -2 0 0 1 
-3 -10 -2 -2 -1 -3 -2 -3 
-11 -16 -24 -48 -10 -4 -5 -9 
7 6 15 20 3 0 2 3 
8 4 -3 9 2 1 0 2 
1 -3 -3 -19 0 2 -1 -2 
1 -4 -7 -8 -4 0 0 1 
29 29 5 9 9 6 8 18 
0 -9 -33 20 -5 -9 -19 -15 
-54 -29 -41 -3 0 -1 2 -12 
-27 -10 17 1 -5 -5 -1 -10 
-16 -33 -47 -23 -13 -14 -1 19 
62 48 44 18 13 9 13 46 
48 11 -38 -44 -7 2 -2 -3 
-73 -24 13 30 1 -2 -12 0 
59 8 13 8 1 0 -17 -32 
-84 -8 3 5 5 5 40 45 
101 53 11 36 8 14 70 62 
22 4 -11 -3 -5 -9 -7 -53 
-69 -62 1 6 1 -12 -45 -57 
57 10 75 82 14 0 -17 16 
-65 -42 -3 14 -19 -20 -47 -27 
-65 -1 4 35 -1 2 52 26 
-76 19 -14 -13 -17 -34 -127 -107 
-5 -4 49 43 12 12 43 26 
13 -43 -17 57 -4 -8 -35 20 
85 -23 -27 -27 -13 -27 -128 -66 
-52 -20 -2 -3 -7 -12 -47 -14 
-30 -6 -49 -128 -14 -4 10 15 
13 30 31 24 5 16 28 -26 
-60 1 14 54 4 3 -27 -75 
50 -11 9 -70 -8 -9 2 -34 
43 14 24 64 9 8 27 47 
-128 -20 43 103 2 -17 -99 -56 
-99 -30 -43 -2 -13 2 -31 -33 
1 3 -50 -105 13 6 -13 15 
78 23 -16 41 11 12 62 36 
-30 -1 -7 15 -4 -8 -13 -33 
-14 -60 -96 -99 -5 -23 -93 -83 
50 30 55 29 8 13 66 69 
-55 11 -6 -37 -16 -11 1 0 
93 20 21 44 8 10 18 29 
35 -18 41 100 -7 -7 -14 -48 
55 -19 28 65 8 12 79 51 
-2 2 69 111 19 14 18 15 
-35 -20 -20 19 8 -8 -46 -22 
-41 -21 -48 -46 0 -1 -38 -48 
34 -13 -35 -34 2 -15 -39 28 
-42 -15 34 65 -8 -6 -42 5 
-123 -70 42 50 31 7 -1 -1 
-49 0 79 70 11 5 22 -44 
-19 26 -10 -25 -19 -3 34 17 
68 32 -57 -117 -21 -6 -20 18 
58 60 19 -3 -15 -16 -10 -18 
-66 -67 -101 -90 -12 -23 -82 -53 
-61 30 -13 -85 7 16 74 20 
-22 -28 57 48 8 2 8 -13 
-48 0 -24 -58 7 4 -3 -19 
25 10 -40 -23 -13 4 52 32 
75 2 -7 -44 -12 -4 -13 16 
-13 10 -5 -31 3 -16 -51 -77 
6 -12 -12 -23 -4 -7 -7 17 
-17 -48 -47 -29 -22 -14 -44 -15 
35 1 52 63 -3 5 -37 -31 
6 -12 5 43 0 10 81 51 
-49 -41 -5 65 9 -6 8 -21 
39 18 62 104 6 3 23 30 
88 23 6 65 12 4 15 56 
-77 -29 7 34 -6 -7 -5 -20 
-72 -65 59 33 8 1 22 -14 
-55 34 36 34 7 6 40 13 
-7 4 -4 38 -5 4 22 -1 
-128 -3 22 101 32 11 -24 -34 
55 12 -35 -56 -14 0 26 10 
42 18 -12 15 -5 2 13 9 
-53 -35 -18 60 15 2 -2 11 
5 2 -84 -128 -14 -2 -39 -37 
-8 -4 -3 29 -10 -7 -42 -11 
98 -4 -3 -34 -2 -4 -38 23 
29 -1 42 -3 -7 -6 13 40 
-23 -23 -21 -105 -17 -15 -25 -7 
-75 -20 -28 -6 -6 -2 5 -4 
45 6 -36 -5 -6 -3 2 13 
-27 -2 -71 -84 -46 -17 8 -28 
-19 14 64 83 17 4 15 17 
-45 -23 8 -4 -9 -5 -18 -42 
6 -7 39 72 7 8 23 9 
-3 1 27 102 8 -1 12 3 
-93 -52 13 -11 -1 -4 -30 -31 
86 36 11 58 10 3 27 20 
-54 13 -3 -26 2 4 11 9 
18 -11 -46 -124 0 -7 -31 2 
44 7 22 35 -3 -2 38 26 
62 66 15 45 -11 -4 -38 -23 
11 -3 2 -46 -5 5 30 -5 
-34 -5 1 -64 16 10 6 0 
-24 -56 -45 -88 -20 -22 -94 -71 
-79 0 29 23 16 11 41 17 
63 -23 -18 -67 3 -17 -74 -56 
-28 6 16 30 7 -6 -1 2 
-81 -10 4 127 13 1 7 20 
2 -7 -50 -94 -14 13 61 28 
42 36 13 17 11 6 22 31 
-3 -1 -48 -46 -7 0 44 11 
-1 -16 9 -3 5 -2 11 -32 
71 15 11 82 -4 -10 -78 -18 
80 31 47 77 7 9 65 73 
6 17 8 82 2 1 -15 -1 
-59 -23 4 35 1 -5 -7 -22 
70 5 0 11 -10 0 24 14 
26 -16 -20 -58 -8 -11 -22 -21 
-25 -23 -15 -4 4 -3 -99 -39 
50 -9 -20 -49 -11 -8 -33 3 
0 28 15 -59 -8 3 39 19 
-15 24 33 51 -4 3 49 23 
-49 -67 -18 -13 2 -1 -11 -33 
-54 -26 -27 37 4 -3 -14 -18 
37 10 -34 36 3 -9 -49 -9 
-35 -4 -14 -30 7 3 3 -7 
78 47 57 74 -3 3 40 42 
-75 -25 -20 -9 10 4 9 -26 
-11 -11 22 3 -14 -16 -59 -17 
28 6 -15 -21 1 6 -5 -5 
36 13 20 6 -5 -9 -33 -22 
14 22 14 17 1 7 41 24 
4 23 -7 -21 -14 -5 6 14 
4 -1 -16 -69 -13 5 24 3 
-23 -8 -10 28 -2 -3 -25 7 
25 -12 9 23 8 -2 -9 -26 
40 27 -1 -11 -6 1 32 26 
-22 4 22 71 1 -5 11 -9 
3 -13 7 39 12 6 8 17 
10 8 10 28 5 9 31 5 
-21 -14 -20 -35 -9 -6 -26 -14 
-7 -19 -56 -71 -20 -8 8 15 
-46 -8 10 24 4 -1 -23 -6 
0 -1 -19 -22 0 -4 18 6 
-12 -2 -11 -5 -11 -5 -12 -13 
2 13 -3 -25 10 3 -11 18 
48 12 -27 -107 0 11 47 27 
2 6 7 28 -6 -9 -22 -6 
23 -4 22 27 10 5 24 -12 
-18 9 -21 -47 1 10 23 26 
-45 22 2 45 -1 -10 -23 -22 
26 6 -32 -57 4 15 71 31 
-33 -7 -15 -52 -12 -4 -4 -14 
-4 -15 27 33 -1 -11 -28 -26 
32 -14 -2 -58 -12 -1 34 36 
44 25 12 33 -5 -9 -34 -5 
-3 -16 11 42 2 6 -3 6 
38 13 -56 16 -2 -7 -8 -4 
28 8 28 6 5 3 5 -6 
14 1 10 31 6 4 -1 2 
-9 -22 -24 -36 -7 5 40 13 
-21 1 -4 -22 -14 -15 -28 -13 
-27 -3 17 15 -6 -7 -38 -19 
30 27 60 50 32 20 28 26 
-28 -17 30 26 -1 5 47 35 
1 32 6 -22 -7 1 17 25 
-46 -16 17 -24 -9 -5 5 2 
-55 -43 -6 -1 -1 -1 -10 -28 
-11 -4 -9 17 6 0 1 -11 
-21 -6 9 78 5 -7 -11 -24 
35 27 7 28 -7 1 25 11 
-33 -12 3 -7 0 0 14 -20 
-21 -21 7 47 7 -2 -11 -6 
-36 -35 -16 -36 -9 -6 -51 -21 
-18 -24 -16 64 -1 -2 9 -15 
66 23 -20 -59 -5 -5 -8 15 
-1 3 -53 -81 -5 0 5 4 
9 22 33 43 6 3 26 23 
-17 16 24 -9 -4 2 30 18 
-23 -22 -19 -39 -4 -2 -22 -31 
5 -15 1 29 -5 -7 -6 19 
6 21 -7 18 -7 -14 -89 -64 
-2 -12 -2 55 -1 3 50 39 
17 -24 -79 -101 3 -2 11 12 
-30 17 34 24 2 5 36 22 
5 -8 -4 -8 10 5 -3 6 
21 -7 -8 8 -5 -2 13 4 
-44 -20 14 41 -7 -13 -54 -44 
24 -11 7 -1 -5 3 3 3 
-45 14 34 40 1 2 7 0 
38 11 17 -11 5 2 4 0 
26 21 -17 -37 -13 -3 -10 4 
26 21 2 10 14 16 55 26 
-7 -4 26 -16 -3 -1 -45 -19 
62 19 -8 7 4 1 31 63 
-48 -14 -21 -34 -13 -12 -69 -84 
-54 -29 11 97 10 9 59 19 
42 39 -14 -75 -5 -4 -4 -11 
19 12 13 31 8 -5 -57 -35 
49 30 37 72 4 6 60 61 
-20 -34 -33 -24 -11 -3 -3 -10 
28 9 3 7 0 9 36 23 
3 17 6 0 0 -3 1 5 
-8 -29 12 40 1 7 46 5 
-25 30 22 19 -3 -4 42 12 
-18 3 -4 -24 1 -2 -42 -16 
35 -3 -18 -26 4 3 6 -2 
10 24 4 14 4 -3 18 12 
-55 -24 23 34 -8 -4 13 -19 
37 4 17 58 -5 -2 22 24 
-15 -6 -1 8 6 2 -1 6 
-19 -41 2 35 5 3 9 -5 
-16 -1 9 -8 6 10 38 16 
-19 -33 -3 -7 -10 -4 28 -4 
36 5 9 18 8 -1 10 11 
-32 -10 -21 -19 2 8 41 12 
-53 -17 -28 -18 -12 -12 -31 -17 
59 0 -44 -28 -8 -9 -33 -4 
57 -5 -3 -39 -7 -10 -11 -23 
0 -34 21 44 5 6 16 2 
-58 -48 -35 -43 -16 -17 -49 -29 
15 18 -1 -19 -16 -12 -35 -21 
12 30 18 17 3 4 52 13 
-25 -1 -5 -22 8 -2 -57 -26 
-26 3 -15 -13 4 3 11 24 
8 0 18 32 -4 -6 -19 -12 
41 -10 -3 1 3 -2 -35 -16 
13 23 -11 27 3 10 34 25 
16 -5 9 10 6 1 14 16 
36 2 -6 -10 -11 1 32 15 
-1 -5 -5 -27 -7 2 21 7 
13 -5 12 47 18 5 20 -7 
75 17 15 21 8 9 17 34 
-36 4 -24 -21 -4 -3 -12 -11 
-7 -3 -5 23 0 6 52 12 
-58 3 9 -16 -8 -12 -54 -6 
13 10 -12 4 0 2 -9 -12 
-40 -8 -8 1 -2 -5 -38 -25 
4 17 37 70 8 9 52 18 
6 -4 1 16 8 1 20 3 
4 -5 0 -24 -13 -3 -3 1 
-28 -1 2 32 5 8 26 8 
0 -2 8 -40 -4 -11 -66 -25 
11 8 -3 30 0 -5 0 3 
-12 -16 -25 -103 -11 5 30 20 
14 -2 -6 13 4 9 38 9 
7 7 12 18 11 11 64 48 
27 6 2 -27 -10 -6 -5 7 
-25 2 -2 42 12 5 14 -1 
-18 7 -4 -23 -1 -5 -35 -21 
-8 -14 -3 19 -1 4 18 -3 
-82 -13 3 -43 -13 -11 -44 -57 
17 -4 1 5 -2 -4 -8 0 
36 21 12 66 3 -1 6 12 
-16 -15 -27 -59 -4 -3 22 16 
10 -21 -2 -6 -4 -3 0 2 
-7 -9 18 32 1 -4 -25 -23 
12 1 -4 -13 0 3 16 8 
37 2 -7 5 -4 -9 -57 -32 
6 -11 -51 -72 -19 -8 6 12 
0 -6 2 8 12 3 -12 -4 
-2 19 18 -11 9 5 -29 -7 
18 30 11 -17 -16 -1 58 27 
23 8 19 23 11 -3 -41 -10 
-8 0 -11 -7 -13 -6 -42 -25 
56 9 -24 -16 -2 1 -24 -17 
-91 -46 7 32 8 -7 -38 -30 
-23 -16 -17 -52 7 10 69 38 
34 14 -4 44 -8 -1 6 2 
-39 -14 43 82 2 -6 -2 -13 
14 -6 -19 -72 7 7 16 17 
16 34 47 127 15 -3 -13 7 
-65 -19 -2 49 -9 -19 -64 -64 
-25 -23 26 36 0 -6 -2 -5 
31 37 -7 -7 1 2 18 7 
29 -4 9 13 -5 -3 -28 -16 
-40 -4 9 -19 7 3 20 10 
-12 5 -8 10 0 0 -6 -3 
20 14 -15 -72 -7 9 47 56 
6 -7 -38 1 -13 -8 -4 -13 
6 4 9 7 11 2 6 4 
-57 -2 14 1 -10 -6 -6 -20 
-8 0 15 47 6 -1 -21 -2 
-19 4 -9 5 -6 -3 -7 -4 
18 7 14 30 -1 -8 -19 -10 
73 16 -4 19 -1 7 45 55 
-67 -16 -3 -4 12 -3 -44 -74 
54 13 15 -42 9 7 65 28 
-30 -20 -1 56 -7 -6 -71 -34 
-6 10 -4 -42 -8 -3 -14 -15 
32 -4 -18 38 4 6 47 44 
19 8 12 18 1 -2 -1 0 
18 -4 22 -4 -5 -4 -3 16 
-11 -12 -26 -28 -6 0 -11 -19 
25 -2 14 -13 1 5 35 29 
-2 4 -4 -28 -7 -4 4 -18 
28 29 2 0 -5 2 66 47 
-23 -7 12 13 4 3 15 4 
39 14 -7 -34 -10 -4 -10 -16 
-77 -28 -27 -69 -21 -13 -28 -26 
13 8 14 46 2 1 -1 -2 
32 16 -5 39 -4 -7 -59 -19 
-22 -37 -16 11 -3 -11 -28 -25 
-31 -21 -23 -47 -9 -5 -13 -9 
-34 -8 21 29 8 -1 -16 0 
1 -24 3 16 6 2 9 12 
-12 22 4 51 17 6 21 -1 
29 3 17 18 3 4 8 8 
-2 16 18 21 0 6 31 21 
13 2 -8 -8 0 -3 -24 -22 
0 6 -13 -44 -10 5 61 39 
-33 -24 -12 -50 -9 -2 -1 -8 
1 3 -3 16 4 6 38 15 
82 8 24 85 13 3 -5 2 
-27 -4 -8 -15 -2 -1 -19 -8 
35 10 11 -18 -9 -3 -11 -12 
-44 10 -12 -51 -14 -17 -73 -59 
21 9 29 47 4 3 16 9 
7 -5 12 11 5 7 16 22 
34 18 -4 11 -5 -7 12 -2 
-19 -11 -6 2 6 3 14 9 
-21 18 -14 -30 -4 -7 -40 -29 
-42 -25 -29 -96 -11 -11 -53 -36 
4 3 -14 11 3 1 23 19 
11 12 8 20 1 1 -1 7 
8 -13 -6 -19 -5 2 2 3 
-90 -41 2 -5 -2 -23 -99 -101 
3 3 -25 -45 -9 4 18 11 
30 9 -6 -13 3 9 33 31 
18 16 15 30 5 -1 -26 -9 
6 -21 4 0 3 3 2 10 
1 7 0 23 -3 1 15 10 
-52 -5 -2 -46 1 3 -23 -17 
-7 -10 -20 -54 -13 -3 4 6 
26 8 10 46 7 1 10 -4 
13 1 -2 -11 -1 0 12 8 
-12 -18 -38 -43 -16 -14 -73 -53 
38 18 16 18 4 8 30 23 
-7 14 12 11 4 5 41 29 
-34 -4 5 39 -5 1 21 -2 
45 13 9 29 11 8 37 46 
-6 -5 0 23 -2 -8 -13 -6 
-3 0 2 2 -7 -4 9 -5 
7 -11 7 0 7 5 4 1 
-14 -4 5 30 1 3 15 3 
-7 0 -7 -24 0 3 22 6 
-93 -89 -61 -92 -33 -37 -89 -100 
-2 -1 0 23 -1 -1 7 12 
49 42 40 27 16 17 37 35 
14 7 -20 -17 2 3 13 -11 
-39 -15 -19 -13 1 -1 -51 -17 
41 16 22 36 12 7 33 7 
0 -2 -7 16 -8 0 27 31 
-45 -12 -6 -30 -14 -9 -24 -15 
-21 -6 -15 -37 -6 0 22 6 
11 12 -13 -59 -13 1 10 21 
-6 -10 0 9 -5 -12 -19 -7 
68 15 14 -7 6 7 24 8 
67 18 -5 -7 -6 -5 -5 -7 
19 17 -4 20 15 5 6 8 
-18 28 29 46 8 -1 -31 -43 
-46 -17 -31 -47 -4 -2 9 0 
-3 -2 -11 -11 -7 6 55 16 
-31 31 -17 -95 -8 -5 -29 -29 
27 -3 7 33 -4 -11 -42 -7 
2 12 -15 33 -6 -7 4 5 
-5 -1 11 28 -1 3 29 10 
-13 -16 4 7 0 -3 -16 -12 
-41 -25 14 11 -2 -6 -30 -26 
-37 -16 -25 -12 -6 0 -6 -4 
50 13 43 102 13 9 44 25 
-27 -30 -60 -52 -16 -16 -75 -61 
21 12 1 26 3 -2 19 21 
41 13 -3 66 5 0 36 24 
20 1 16 -67 -5 -2 -64 -30 
8 2 9 26 6 6 39 39 
2 34 29 53 15 11 53 47 
3 -4 -3 15 -12 1 14 14 
-67 -7 7 9 1 -8 0 -6 
27 7 -4 -20 2 -1 -14 -19 
-9 -11 6 26 0 -1 -6 -11 
-37 -4 -22 -19 -6 -16 -65 -28 
-46 -34 3 -22 -5 -2 23 -9 
-15 -14 7 9 2 11 11 -9 
-21 2 5 37 8 1 -1 9 
3 -34 -24 -51 -6 3 4 10 
66 43 10 30 19 5 -16 9 
0 17 22 43 5 4 17 12 
76 21 16 1 8 9 17 3 
52 2 -26 -43 -18 -8 -40 -18 
86 33 23 -24 -11 -4 0 13 
62 88 73 98 36 21 127 92 
-89 -83 -63 -48 -30 -37 -74 -75 
-40 -18 -8 64 -4 6 44 20 
-11 47 -6 -30 -3 -5 -29 -24 
-69 -76 -107 -128 -37 -26 -74 -44 
36 21 28 31 8 1 -12 17 
18 -2 -16 -13 0 -4 -16 -15 
-48 -2 -11 2 -1 9 55 31 
-120 -42 14 -2 -3 -6 -23 -38 
5 -8 12 5 -2 -8 29 9 
-34 3 12 -8 0 -3 -7 4 
5 -20 -11 16 3 6 15 23 
-9 10 28 12 7 9 -5 -13 
17 20 62 19 7 3 18 17 
-47 -32 -42 -1 -12 -41 -62 -28 
-9 -15 -54 -40 -14 -16 -19 -28 
19 -3 13 -2 -1 -2 -7 13 
12 27 17 32 10 10 19 35 
-7 18 83 6 -4 4 -6 -32 
-13 -3 -38 -49 -11 -3 -1 0 
22 25 82 66 19 7 -3 11 
-8 -27 -103 -35 -9 -4 0 -13 
3 5 -10 -7 -3 -6 1 -6 
-10 5 21 14 -4 9 48 -5 
-13 1 28 4 -8 -14 -11 -17 
-7 0 0 -21 -6 -7 -29 -2 
-15 12 21 3 -11 -12 5 -3 
4 -14 1 -3 -4 -7 -21 -22 
5 -9 -25 -3 2 -2 -1 3 
-1 -7 7 13 5 7 -5 -1 
10 7 4 9 7 6 15 8 
1 7 15 19 7 3 -2 0 
1 3 25 4 -3 -3 -9 -4 
17 -1 10 9 4 2 -1 5 
-2 2 -16 -7 -5 -4 -4 1 
-17 -3 17 16 3 -2 -1 -4 
-3 0 -10 -1 0 -2 -10 -1 
5 33 28 18 4 6 8 4 
8 2 3 -5 4 4 -1 1 
2 12 -5 3 6 3 15 9 
18 -35 -26 -6 -8 -13 -12 1 
-47 22 3 -10 -8 1 11 -8 
41 9 -16 5 1 -1 14 13 
-11 -3 -15 -27 -7 1 7 16 
-44 -22 9 8 2 -2 -4 -13 
-22 -30 -4 -3 -8 -9 -1 -12 
57 -6 -5 -9 -6 -1 -3 11 
-4 -16 -38 -13 -12 -7 -4 -2 
-55 -5 -3 -29 -6 1 -19 -20 
35 51 15 -17 -6 1 -3 -6 
-33 -16 -6 13 6 1 3 -2 
12 10 2 -11 -7 -6 -5 -3 
11 -3 -14 -2 -3 4 10 11 
-32 -10 0 -10 -4 0 20 4 
59 -27 -1 12 3 4 14 22 
-6 46 11 17 9 4 -11 -4 
-55 -32 -25 -3 4 2 4 4 
37 34 13 -4 -12 -14 -36 -12 
75 36 3 -1 -5 -5 0 19 
-17 -5 17 22 10 7 0 0 
72 0 -57 -28 -7 -5 -11 9 
-15 -39 3 21 6 9 20 1 
55 31 23 23 13 0 -8 6 
-33 13 -13 -16 -12 -11 -12 -18 
38 1 8 -2 -18 -5 -10 0 
-64 -22 -43 -39 -28 -17 -17 -26 
28 11 24 8 -11 -8 -16 -6 
10 39 25 7 0 2 -1 -7 
78 33 37 16 -4 -2 11 24 
-37 -84 -21 -6 -3 -6 -7 -26 
-22 -83 -30 -16 0 -3 -7 4 
31 59 9 7 4 5 19 31 
-27 8 -23 -10 21 5 8 -8 
-4 -21 2 -4 1 2 1 -2 
40 83 44 23 22 15 31 45 
28 92 54 35 6 15 32 36 
4 10 10 -1 11 2 3 25 
34 95 24 -12 -17 -5 -19 1 
-44 -42 -7 -17 -29 -20 21 -13 
-78 -70 -37 -24 -19 -29 -60 -76 
-15 -20 -2 -19 -20 -6 6 12 
60 21 -37 -4 9 11 6 11 
64 48 44 36 9 10 14 35 
-10 -66 -14 -7 -10 8 25 6 
21 5 6 9 -5 7 19 7 
-38 -101 -5 -10 -20 -26 -48 -37 
101 79 -56 -23 15 -1 -18 -4 
15 50 32 7 17 19 22 44 
17 41 3 19 44 2 7 17 
21 3 -5 1 -14 4 9 -7 
-61 -62 -34 -10 -2 -5 -20 -39 
-2 -30 1 7 -18 -16 23 28 
47 87 50 24 7 6 3 19 
-32 15 39 16 -27 69 11 -35 
50 59 23 -26 -46 -66 -27 13 
-128 -65 -12 -1 42 6 -4 -17 
-16 -37 -49 -47 -35 -33 -22 -22 
110 81 2 14 28 19 33 31 
127 64 21 12 8 7 18 41 
-34 -70 -5 -7 -15 -21 -1 11 
8 13 26 45 91 82 27 8 
-120 -27 -7 -39 -15 25 -37 -45 
-101 -102 -39 -23 -24 -30 -12 -46 
15 79 30 19 21 6 -3 1 
49 3 -13 -1 12 -1 -9 14 
44 10 1 -2 -18 13 7 21 
-34 17 -24 -26 -5 -13 -10 -13 
-36 -61 -3 7 -51 -32 -19 -24 
67 70 7 -4 -6 2 13 -14 
18 12 -30 -23 -26 4 32 16 
-20 1 -21 1 -6 -17 -14 9 
31 -31 -36 0 32 19 29 24 
-8 -26 0 -8 22 24 -11 -10 
-36 50 59 55 21 -13 -10 -17 
12 30 -8 -5 -19 -5 -5 12 
2 -4 4 2 1 -5 -4 -1 
22 10 -24 -17 -20 -8 20 23 
-46 -57 6 13 36 34 25 8 
-13 22 7 -18 6 2 -16 -3 
-6 -4 16 2 -11 4 10 -10 
24 14 25 53 37 -2 -4 2 
-15 -18 -19 -42 -14 7 2 -9 
0 21 -4 -17 4 -15 -11 -9 
41 31 7 -4 7 17 12 24 
16 -17 -26 -24 -23 -9 -1 10 
-17 -28 5 22 -1 -1 11 3 
-25 3 -18 -6 6 -21 -9 -19 
-3 18 -6 36 39 -3 -36 -24 
42 -12 -14 8 -24 -10 -6 3 
68 35 26 4 4 -9 3 2 
-23 -16 -42 -22 -5 -1 -3 -15 
-46 -36 11 1 1 -7 -18 -20 
1 -55 -24 -14 6 8 4 4 
-52 -71 -17 -9 -5 12 7 -17 
-9 47 19 -9 -3 -22 -19 -23 
-23 29 24 0 -19 -9 -1 3 
45 86 16 22 37 24 39 42 
13 -30 -33 -27 -29 -25 -28 -3 
41 0 8 25 -3 21 6 10 
21 35 11 -10 12 4 22 19 
2 19 6 7 -17 -1 6 -14 
-3 14 13 19 25 0 5 17 
-42 -46 -8 3 -16 -24 -24 -4 
-1 29 -17 -20 9 -3 -1 0 
-9 -19 -31 -14 7 0 -8 -8 
46 59 20 15 -4 -5 -8 -11 
9 44 10 -14 8 4 -10 -8 
-33 -53 -29 -20 -27 15 38 42 
-34 -8 25 -7 -12 -2 25 23 
88 33 -21 -27 -32 -20 6 21 
18 5 17 17 20 18 2 2 
-36 -56 -6 -9 -7 -3 -6 -20 
0 -65 -33 -7 -9 -13 -18 -23 
8 41 1 -19 -27 -13 18 13 
56 60 7 38 22 -7 2 25 
-39 77 16 9 10 6 -12 -10 
-49 -125 -19 -11 -21 -20 -25 -22 
-40 -5 -20 -21 7 11 12 13 
34 28 11 47 30 -5 4 3 
-82 -25 1 9 20 12 0 -2 
22 -3 -16 -20 -3 1 -1 -22 
42 8 -1 18 28 13 0 20 
80 102 5 -5 -3 7 -5 -11 
-23 -67 6 0 -15 -1 -1 -9 
-46 -90 -34 -22 -7 -10 6 23 
-33 56 29 -18 -1 -3 -11 6 
-8 57 27 24 10 5 9 10 
7 -12 -7 -23 -21 -20 -17 -15 
-24 4 26 1 16 15 8 1 
50 45 21 38 35 18 25 25 
24 74 -4 -7 -23 -13 -17 -15 
-29 66 -9 -9 3 -2 -5 -31 
27 -56 -24 11 19 -1 -15 -8 
78 86 21 2 -10 1 6 26 
-39 -22 -26 -7 -28 -10 5 9 
115 -21 14 -9 -6 9 19 43 
-40 27 -18 13 24 3 -2 -23 
25 59 0 -2 13 4 4 6 
-1 38 28 13 -7 10 10 16 
32 -11 -16 -6 17 11 6 3 
66 26 7 -28 -12 -5 6 9 
56 -15 -14 -14 -15 -13 -29 -2 
7 45 22 13 5 4 1 5 
-40 -41 11 0 -3 -4 -18 -2 
-51 -35 -24 -16 -27 -21 -32 -53 
-16 -45 -13 -24 3 -3 -24 -8 
-82 -86 -24 -6 -6 14 26 28 
12 14 -14 -23 -24 -18 -17 -23 
-15 1 -1 4 -18 -9 -9 -19 
22 60 3 -19 -11 4 17 22 
27 -43 -11 -20 -11 -16 -14 2 
11 -21 8 23 14 -12 5 3 
-1 28 44 64 42 23 21 3 
-128 -63 -31 -27 -10 -11 -1 -13 
66 95 16 -7 7 -4 -2 7 
64 43 1 14 -4 8 10 45 
67 60 8 -7 5 13 24 48 
-68 33 -4 -27 -31 -4 -9 -10 
5 5 -1 14 24 4 7 -12 
6 -59 -10 5 13 21 14 16 
-72 -97 -5 32 -1 -7 0 -1 
-70 -79 -20 -18 -14 -26 -41 -68 
-21 -8 -17 -20 -15 -7 -4 -34 
34 -15 -24 -15 -15 -12 -13 -5 
-82 -21 14 28 2 -2 0 -9 
65 59 -1 -16 -29 -19 11 28 
50 15 1 0 25 22 13 9 
19 -8 3 -9 -24 -8 -13 -10 
-19 87 -9 -51 -5 1 11 6 
-64 -17 -1 -9 -23 -7 -6 -15 
48 54 12 23 26 2 -12 -43 
94 80 21 -1 10 11 15 61 
65 -32 23 18 13 16 35 52 
-32 -54 3 10 15 9 2 6 
-80 -73 -37 -20 -11 -19 -24 -21 
82 75 31 13 2 27 9 25 
-8 -3 3 -13 10 13 -17 -2 
5 -2 -4 3 6 17 34 40 
53 127 25 22 7 -3 20 14 
-7 35 -14 6 -11 -25 -17 -12 
-15 10 -6 -14 -30 -26 11 1 
40 -7 -14 -3 -5 -3 5 11 
-23 -67 1 -8 -11 -19 -14 -39 
36 -1 -10 14 8 1 -21 15 
9 49 -1 28 14 8 -7 2 
19 53 14 -15 -1 0 2 18 
-105 -3 2 9 25 18 1 -32 
27 -28 9 38 24 1 -12 -6 
-13 -42 -28 -45 -29 -9 -23 -14 
-40 -62 -58 -87 -58 -34 -28 -50 
-57 41 -7 1 6 -17 -37 -42 
84 49 16 15 -4 -2 5 -6 
-51 -101 -4 2 1 -3 17 31 
43 -4 -3 -3 19 9 3 6 
19 -27 -14 29 22 -6 -16 -10 
-9 81 40 -13 -37 -20 -15 -15 
-49 -60 -11 35 25 0 -14 -18 
36 65 18 29 24 33 36 23 
74 70 5 6 26 12 15 10 
-10 -71 0 17 8 -1 -1 4 
24 46 14 -5 -17 -5 -2 24 
26 9 -6 13 41 8 11 9 
-8 34 -10 -19 -23 -8 -16 -24 
-17 -50 -37 -19 -7 14 8 14 
78 -6 -6 7 18 2 -11 -6 
2 44 24 28 -8 2 -12 -6 
-20 0 -2 6 28 16 16 25 
29 85 23 -10 3 10 15 -7 
22 -20 -29 -34 -54 -27 -15 6 
-34 -28 -3 12 25 6 -2 20 
0 -83 -18 -20 -11 -7 -3 -11 
32 -3 -15 -63 -30 -1 11 16 
-6 82 35 20 16 5 6 12 
-24 -34 -15 -15 -1 -20 -13 -12 
20 16 -18 -5 -10 -5 -7 -22 
-86 -55 -32 -2 -6 -12 8 -15 
-43 -52 13 54 48 5 -9 -13 
26 -9 -4 -2 -16 2 14 12 
40 61 41 37 42 27 17 25 
-34 41 10 10 -2 0 -7 -4 
23 34 25 8 -4 13 14 16 
-1 25 0 -4 -19 -22 -8 -13 
2 -12 -27 -26 -24 -5 -13 -13 
72 36 8 -30 -15 -2 9 21 
-12 -9 -15 2 -1 -11 -18 -16 
30 25 15 8 -5 3 3 -13 
-81 -40 4 -15 -18 0 12 0 
41 71 6 -15 -20 -8 -14 -6 
-16 13 20 20 41 13 8 6 
21 20 4 -11 -22 -4 18 10 
32 -45 -15 -27 -14 -8 -4 11 
-9 15 -4 -15 -11 -7 -22 -25 
-67 -35 -16 -2 -8 -20 -16 -32 
-47 -8 27 48 54 10 0 -13 
48 46 -10 -31 -13 4 3 -1 
-31 15 25 26 -6 3 -1 3 
18 58 4 23 43 4 -7 -15 
-5 31 1 -23 -20 9 41 41 
-73 -77 8 3 -16 -17 -32 -48 
35 19 8 44 40 9 -6 -11 
-11 21 4 -9 0 1 12 12 
31 -51 -35 -30 2 -2 -4 20 
-55 -31 19 25 2 3 -4 -11 
-24 -51 -12 -2 -1 5 -11 -31 
64 28 1 11 4 -2 -5 11 
-8 14 -9 -16 -24 3 4 0 
0 51 15 -1 20 17 22 46 
-18 14 2 -1 1 13 1 5 
58 -21 11 30 2 5 22 23 
-31 16 32 10 -16 -21 -13 -25 
105 25 -23 5 6 13 17 31 
-54 -30 5 -4 -27 -8 -5 11 
46 103 34 36 44 23 11 9 
39 36 3 -12 -17 2 27 4 
-70 -48 1 -3 -28 -10 5 22 
-41 -82 -37 -36 -29 -38 -34 -28 
-5 -23 -9 -13 -21 -12 -4 1 
-57 -32 -5 21 17 -3 -2 -15 
70 35 -9 -37 -13 0 19 17 
70 -28 -7 -5 0 2 5 37 
-62 -9 -12 -30 7 7 0 -21 
86 85 7 -14 -3 9 16 34 
-95 -54 -9 7 -22 -26 -39 -56 
-2 23 -4 -42 -10 -1 -8 -16 
70 37 5 37 15 0 -9 -6 
21 27 18 3 -15 -10 3 22 
6 26 4 -6 -16 -2 3 5 
-7 -26 13 34 26 -3 -2 3 
42 -16 -37 -40 -30 -3 -8 -5 
-4 64 20 17 41 25 10 -6 
-43 -72 -6 6 5 4 -3 12 
-15 -16 -8 25 28 14 -1 -9 
-2 33 19 42 18 -2 -11 -14 
31 -25 -28 -40 -35 -14 -7 -13 
-56 -49 -2 -14 -5 0 2 -6 
-15 -13 -16 -38 -18 -7 -5 -4 
10 21 -10 3 -4 -7 -11 -19 
4 -33 4 -3 10 1 -7 -7 
-12 8 16 2 2 9 31 44 
-96 -56 -21 -11 3 -10 -10 -12 
15 -16 -14 -22 -10 -10 -11 -8 
40 -5 8 29 8 16 17 17 
-62 27 1 6 4 -4 -2 -24 
11 28 4 25 13 7 7 12 
25 16 17 -5 2 9 -1 -9 
-68 19 7 5 -12 -24 -26 -49 
16 -20 -37 -14 10 -6 -8 -11 
-21 -1 -2 8 8 -2 -14 -24 
20 6 15 6 -14 -6 6 17 
-47 -49 1 -8 5 7 -10 -23 
28 -61 -33 -10 -11 -14 -20 -17 
-20 -40 -13 14 12 -1 -4 2 
63 50 7 -10 -8 -12 13 26 
4 -28 -24 -41 -38 2 -8 -1 
-46 -55 -5 -7 1 -1 -16 -28 
-27 -93 -17 -13 -34 -10 7 5 
9 -2 -2 -27 -28 -5 -3 16 
81 61 24 -4 1 14 29 43 
-5 48 9 23 14 12 12 6 
-2 31 24 35 3 -3 -3 3 
-27 -38 -8 -6 -6 0 -1 -10 
64 -3 0 14 -1 -1 6 10 
1 84 34 6 -15 6 8 18 
2 -4 8 13 -2 -2 -2 3 
-22 -27 4 1 6 0 7 -9 
36 4 -4 -21 -14 -9 -2 13 
13 -22 9 30 24 28 8 15 
-18 -52 -31 -35 -11 0 -14 -19 
1 -17 -1 9 13 -4 -4 1 
-4 37 -2 9 -7 -4 1 -10 
-1 0 -11 -14 4 1 -11 -15 
-24 -24 -15 -24 -25 -11 -1 -10 
-37 7 -15 6 -6 -21 -20 -39 
30 47 22 -8 -6 5 9 21 
13 -33 -4 20 -6 2 10 23 
10 35 22 23 12 10 -11 -7 
39 38 20 8 13 14 30 20 
8 12 -4 -12 2 0 0 -4 
66 49 9 15 3 4 26 44 
-42 -32 -11 -22 -28 -39 -31 -25 
-63 -57 -16 5 -5 -11 -14 -18 
-10 29 6 -27 -5 -4 -3 -2 
11 12 -5 -21 -10 3 -6 7 
-55 -13 10 4 -9 -16 0 -1 
6 -13 -15 -13 6 -3 -15 -2 
-8 -61 -9 7 -5 -3 -3 -12 
-19 34 8 9 8 3 2 1 
58 33 17 31 40 14 6 7 
-69 -53 6 18 3 -1 4 -4 
8 -29 -1 15 20 8 14 5 
-15 -34 -26 1 -7 -8 -11 -17 
-19 -25 -9 18 3 2 -1 -8 
-45 -51 4 7 9 -9 -14 -11 
-31 12 0 -6 12 18 11 3 
72 96 6 13 -12 5 27 12 
3 -5 11 -27 -14 -20 -34 -21 
43 45 0 5 16 12 6 24 
47 -5 -13 -12 -12 -11 -31 -26 
-56 27 16 4 6 1 -1 -8 
24 -27 -30 -10 -9 0 -8 -6 
58 14 1 16 13 5 6 16 
-63 -37 -27 -20 -9 -16 -15 -10 
55 22 27 37 26 23 22 39 
26 67 12 12 -11 -8 7 14 
55 62 15 -13 8 9 -1 -14 
20 40 20 7 -17 -4 19 19 
2 -49 -15 -2 2 -2 -7 -27 
-8 -20 -22 -14 8 -5 -7 -24 
6 24 -2 -35 -13 -6 -12 14 
-19 -25 -11 1 -17 -9 20 -3 
-93 -67 -16 -25 -7 -11 -11 -28 
43 26 19 21 21 20 15 30 
-20 1 9 18 3 12 7 13 
12 -47 -11 -9 8 -8 -8 -5 
19 1 -5 3 -2 2 -3 -3 
15 44 23 14 5 12 9 5 
5 -5 -11 -24 -23 -13 -23 -8 
-29 3 4 0 -13 -13 -10 -18 
24 3 2 1 -19 -8 8 19 
-6 -34 -13 17 5 2 -13 -14 
34 27 14 3 8 14 16 11 
11 30 17 7 4 -6 -8 8 
23 -13 -9 -7 5 6 -6 3 
-49 -7 6 -20 -20 -12 -16 -23 
-19 -38 -10 -20 -23 -17 1 -2 
-10 1 -6 11 -1 2 -3 0 
2 -15 -15 -18 -11 -5 -8 -19 
22 10 -1 6 10 5 18 18 
17 -27 -6 -10 -15 -18 -7 -12 
-11 53 31 27 18 21 17 13 
15 4 10 21 7 11 8 11 
20 20 7 -7 5 0 -2 8 
12 5 1 -15 6 -4 -17 -9 
-4 -29 -16 -17 -8 -6 -12 -22 
-81 -109 -40 -12 -17 -40 -47 -59 
-1 -28 -14 0 -16 10 15 24 
-6 -7 0 1 -7 -10 -10 -12 
13 15 -5 -9 2 -1 11 17 
-37 9 -9 -13 -20 -28 -35 -32 
27 34 22 -2 4 8 -34 10 
-10 -9 -9 -11 -5 -12 -25 1 
11 -4 8 14 19 6 11 15 
31 15 16 14 4 2 3 14 
19 32 14 16 7 4 21 7 
-14 -10 4 8 12 12 24 -12 
0 -11 -15 -9 -12 -12 3 22 
15 -7 -48 -11 1 -9 -30 -8 
13 49 73 25 0 -4 -11 -6 
1 -45 -77 -68 -28 -36 29 -25 
11 4 65 37 3 -38 -17 22 
-7 15 -21 -17 -5 15 10 -6 
-2 -3 -20 9 8 22 10 37 
1 26 63 37 14 7 -6 -15 
31 43 106 73 31 24 15 19 
11 17 36 -6 -2 2 0 -3 
-6 -25 -46 -24 -16 -5 0 30 
2 8 42 22 9 11 -4 17 
-3 -6 -47 -50 -26 -10 -5 -17 
-11 -16 -18 -16 -1 -5 -5 -15 
1 5 6 19 10 3 0 -16 
-7 -3 -18 -4 1 -3 2 -5 
-2 -16 -27 -12 -5 -5 -8 1 
-4 0 11 6 -2 3 6 2 
-10 7 5 0 -4 -3 -3 -4 
-1 -3 -7 0 -1 -5 -3 17 
-7 11 32 17 7 5 -3 -22 
-18 -47 -41 -34 -12 -8 -7 -28 
1 4 1 11 3 1 1 -11 
2 13 31 25 5 5 0 -6 
-2 -11 -41 -35 -6 1 0 5 
2 0 -33 -18 -1 -2 -2 -15 
3 9 9 1 -1 2 3 1 
3 3 4 2 0 -4 0 3 
1 -1 -3 -5 0 -5 -8 -3 
-1 -7 -4 1 -2 0 -1 1 
-2 2 9 3 -1 -2 -2 0 
-1 1 7 5 -2 0 1 -4 
0 -2 -10 -6 -1 0 2 -1 
0 2 2 0 -1 3 1 -2 
0 1 1 -2 -2 -4 -1 0 
0 0 2 -3 0 -4 -2 -1 
0 -1 -2 -2 -1 -3 -1 1 
-2 1 2 0 -1 -4 -5 -2 
-1 -1 1 -2 -1 -2 2 1 
-1 -2 0 0 -1 4 -2 0 
-1 -3 -2 0 -1 3 -1 0 
0 0 -1 1 -1 1 -6 -1 
-1 -1 1 -2 -2 -3 5 2 
0 0 0 -1 -1 -1 1 1 
-2 0 -1 -1 -1 0 1 -1 
1 -1 -1 0 0 -1 -5 1
-17 -58 -42 -2 -15 -11 -6 110 
20 25 77 3 -83 -6 42 103 
-74 -10 -108 -48 67 -17 -71 -99 
12 35 27 10 -33 -23 -20 -79 
25 15 104 46 84 27 71 127 
-4 1 -80 -18 20 1 23 90 
-7 -29 -26 12 -18 -6 6 -70 
-40 71 -71 -28 -7 -16 -15 -47 
-26 -50 -26 22 26 6 -36 -94 
-27 0 -40 15 23 5 -13 -96 
9 127 12 17 76 13 -31 -128 
29 2 -21 8 3 7 9 44 
-31 -122 -30 -2 -4 -11 -55 13 
106 56 31 -4 -25 -7 56 98 
-46 31 -34 -43 6 -7 -25 -97 
-43 -40 0 -6 -60 -17 -54 -46 
-18 -90 51 32 31 15 16 39 
36 52 35 7 77 47 17 -36 
-48 17 -27 -3 -39 -24 -52 -115 
-22 -19 4 -4 -26 -25 -20 -46 
55 55 49 31 23 12 33 99 
-24 32 -11 -1 16 19 1 61 
8 -64 4 -2 1 -9 12 127 
-29 -8 -52 -24 -46 -13 -10 -75 
-35 -81 -92 13 39 -6 -39 -27 
-3 33 33 -13 -3 -3 0 -14 
-47 -83 -124 -10 71 22 -2 -93 
-15 42 47 5 18 12 0 20 
33 94 21 -10 -2 6 54 94 
-3 -5 -69 -19 -60 -9 33 -40 
71 -74 51 29 -16 -4 12 57 
0 76 72 -22 -21 6 22 9 
-57 -51 -65 -18 25 -7 -45 -115 
-27 54 -94 -28 37 -3 -28 76 
8 25 17 -20 -43 11 108 127 
11 38 -12 -3 -55 -46 -78 -118 
-15 54 75 2 -6 6 10 -35 
65 -48 45 15 -66 -7 10 44 
25 106 -59 -30 -33 -13 -11 -9 
-3 -87 9 43 69 28 36 79 
-41 -10 -51 -8 7 -21 -43 -79 
57 4 70 23 26 25 30 91 
-66 -41 -24 -26 -39 -24 -21 -45 
14 48 -46 11 57 17 -21 -15 
8 -40 61 11 -5 -8 10 23 
-2 107 99 -10 -16 0 12 52 
2 63 73 23 51 28 18 64 
-64 -37 -49 16 -1 1 18 6 
-4 -16 36 -23 19 -15 -26 -89 
11 16 -86 -12 49 2 -10 -31 
25 12 -5 21 78 21 32 85 
7 -124 24 -3 -48 -13 16 27 
9 -13 -52 -5 -13 -10 -9 -15 
-30 -4 -54 -7 46 48 15 16 
18 -43 58 47 82 15 37 93 
-4 63 0 -18 -27 44 -11 -99 
3 1 -23 8 -36 -17 29 102 
-48 -92 -74 16 67 -2 -36 -89 
32 -49 -73 6 -29 -21 -37 31 
-1 105 121 40 35 -1 -8 -68 
40 103 -50 -31 38 39 34 43 
3 -128 73 6 -128 -37 29 87 
12 -59 -57 -7 -4 12 -32 -89 
12 44 55 13 -34 -16 -17 3 
36 55 -15 -7 -42 -27 -22 -52 
48 -92 62 43 44 27 -1 117 
-92 -97 -93 -46 -44 -46 -53 -78 
-35 -111 -30 -12 -15 -14 2 104 
18 57 58 6 -8 27 56 81 
7 0 -87 -30 29 1 -3 1 
-17 -5 28 -9 -59 -26 -5 91 
52 111 -41 0 17 -11 -10 49 
-41 62 -33 -37 -81 -32 -20 -128 
-29 -80 41 -3 5 -9 -10 -30 
-24 23 50 -1 28 -30 -51 -58 
10 7 -2 -12 -50 -32 -44 6 
-11 116 -29 -22 -49 -15 -22 -88 
-38 -128 76 -17 -100 -7 66 127 
-38 52 -76 -45 40 25 -14 -53 
6 -37 -92 21 94 36 10 -8 
-30 -64 26 10 22 13 14 93 
-65 15 -69 -23 -37 -20 4 -1 
-51 -8 -39 -25 61 37 -17 -38 
64 79 70 3 -103 -49 2 -59 
45 85 16 19 -43 -33 -30 -46 
0 -128 -12 4 0 10 44 81 
43 59 26 30 47 52 -3 -11 
-27 37 66 -16 48 15 19 45 
50 16 21 1 -25 -5 51 127 
-12 -22 25 -5 34 15 -9 -121 
-93 -119 -82 -20 25 -2 -23 -61 
0 -1 33 16 10 5 28 22 
42 84 31 3 102 61 4 -76 
12 3 27 24 -30 -10 11 14 
-9 -55 -93 -17 -55 -38 -74 -108 
-25 52 -28 24 11 14 22 60 
64 -70 -4 18 -32 -32 10 53 
-36 -35 -37 -9 65 39 3 103 
-10 2 -4 1 -13 -7 -21 46 
40 73 127 34 23 -5 -13 -89 
36 105 89 62 112 47 58 69 
82 53 88 3 -28 -35 -52 30 
0 -40 -71 -30 -114 -51 4 82 
-1 122 1 5 -26 -17 -34 -25 
48 -23 17 4 -22 -23 -57 0 
-30 -64 -54 -10 2 7 -28 -12 
5 -65 -8 15 49 26 1 -36 
-47 -64 47 -24 -78 -34 18 51 
-24 -7 76 -6 -26 -17 -73 -68 
19 -97 56 9 2 31 56 24 
-52 -62 -90 -16 -20 -25 -42 -120 
44 20 -25 26 -109 -55 -2 85 
15 43 76 -55 80 53 22 59 
0 31 29 -5 43 14 18 27 
33 100 65 -7 45 34 71 -38 
53 -26 89 51 -13 2 21 108 
-52 102 26 -27 -19 9 -12 -91 
-20 11 39 70 10 12 11 -46 
-51 60 -39 -29 71 16 -30 -97 
-27 5 -15 -21 -26 -14 -20 -40 
62 -70 27 11 -33 -15 -20 30 
-39 -67 -44 12 77 26 -70 -37 
-21 28 -10 -23 -24 13 7 -40 
7 6 -63 -45 -89 -30 -16 -20 
-15 -56 32 7 -33 -1 45 62 
23 40 5 -2 -4 5 2 38 
-38 -104 -8 -26 -49 -12 -49 -81 
-6 -5 -2 -21 -36 -28 -10 127 
42 25 84 19 78 46 30 30 
-75 1 -100 -5 19 -19 -50 -100 
36 94 75 6 13 -24 -13 -80 
-12 79 -70 -10 -35 -7 21 97 
-8 -60 -106 8 57 13 -53 -110 
25 127 69 32 -27 -4 19 83 
-14 -79 -41 0 -9 2 19 102 
-30 -53 65 4 -13 -3 15 38 
-35 -69 -98 -55 -44 -10 5 10 
-37 -128 -58 5 46 -4 -17 -105 
22 -11 31 -28 -32 9 42 127 
26 110 13 33 87 56 -4 -23 
-10 -28 60 11 3 -17 4 -109 
-11 -40 -47 -30 -20 -17 -37 -112 
59 -3 21 -33 -105 -16 76 107 
9 37 85 -4 -18 -6 19 16 
22 55 12 17 -66 -40 -8 43 
21 109 -36 13 48 -6 -34 -100 
-20 -48 -73 10 82 29 -7 64 
-49 -13 -59 -19 95 8 -61 -100 
-46 -78 32 23 36 38 75 91 
28 78 8 -4 -69 -45 -47 -61 
-33 -128 -106 -3 -41 -60 -22 14 
-28 -57 27 -15 -67 12 42 50 
26 55 127 29 16 13 -28 -42 
-78 -68 -56 -58 -37 -27 -42 -95 
-13 -123 1 9 -30 -9 29 76 
-8 11 8 15 -6 -12 -5 60 
-45 66 -16 29 21 8 17 -57 
91 83 60 -3 -48 -16 38 87 
10 58 87 19 4 5 1 43 
-57 -113 9 -39 -65 -27 -35 -85 
40 -108 -91 -29 -7 2 14 127 
-23 27 23 -3 -29 -11 -43 -11 
-6 16 3 17 2 7 35 28 
9 41 -32 -15 9 -1 1 11 
32 70 -94 17 -21 10 17 70 
-7 10 -11 19 4 8 24 78 
38 97 14 39 122 62 8 -26 
-11 -24 27 -17 -89 -44 -6 -8 
13 -90 -11 -39 -2 5 24 87 
-73 -71 -6 48 37 -14 -62 -85 
-10 7 -39 -8 36 23 -7 -10 
-45 -39 20 -39 79 15 -44 -108 
20 7 23 31 60 29 51 127 
-22 72 13 -2 44 7 -26 22 
38 78 16 3 -56 -22 -17 76 
-2 30 21 9 -17 -12 -19 -49 
-89 -82 -33 -25 8 -6 -18 -87 
38 100 116 78 74 17 -32 -55 
-10 16 -38 -38 -43 -15 -25 -9 
5 -89 -83 4 19 15 -26 -35 
57 124 34 22 8 -18 18 67 
-23 -35 -39 -25 -8 -9 -10 49 
-88 -92 -73 -21 -14 -32 -89 -128 
29 41 78 41 34 11 53 127 
-35 -111 -16 5 -71 -45 -71 -107 
70 48 77 46 66 35 60 127 
-49 -26 18 -5 -72 -23 -7 -2 
28 -12 -60 -16 -19 32 77 127 
13 40 22 3 39 36 24 -19 
3 -96 8 -3 -27 7 24 86 
7 -19 4 -15 5 6 30 7 
-24 101 1 -9 -21 -25 -54 -94 
-13 -78 -2 -4 -57 -13 27 27 
-10 65 -10 0 43 3 -56 7 
0 -49 57 38 85 42 4 11 
4 4 38 1 -15 7 53 120 
87 127 48 22 -13 14 78 127 
-73 -67 -66 -31 41 -13 -81 -92 
47 40 44 -2 -1 11 10 33 
16 51 -6 -4 54 35 36 81 
59 -4 11 -4 -16 5 13 35 
-58 -26 0 -18 -6 15 38 54 
9 -49 -54 -17 -34 -25 -20 -36 
2 50 -38 22 -5 -2 -70 -109 
25 83 4 -23 -109 -57 15 127 
-60 -59 3 -21 -29 -26 -53 -98 
-9 -70 28 2 24 14 8 89 
0 2 -7 32 -12 -26 -47 33 
-18 -26 -18 -29 -8 -3 14 -74 
-12 2 -4 30 21 8 9 -53 
-49 10 61 4 15 13 5 -93 
15 58 -60 -5 70 -3 -61 -2 
-13 40 80 -24 -94 -42 31 36 
1 -6 -22 39 55 61 -17 -7 
-3 0 -30 21 38 -24 -7 31 
-13 -22 18 11 6 14 16 -69 
35 38 -36 -11 0 -18 60 92 
41 69 65 0 -62 -19 -22 -7 
-43 -84 127 18 10 -11 -69 -128 
-56 25 -32 -10 70 33 -28 -127 
30 49 38 46 99 41 -13 50 
-34 -62 -81 -20 -10 17 20 42 
-97 -91 -84 -41 -28 -35 -21 -61 
14 21 -6 11 -49 -2 8 4 
-14 2 -108 -17 -5 -36 -67 -36 
-69 -30 30 -15 -8 32 68 127 
-34 -70 -39 -7 3 16 6 34 
37 -40 90 22 21 33 62 74 
6 36 41 27 25 -7 10 2 
-17 31 19 -27 32 19 2 -87 
-74 -94 -26 -5 -23 -27 -57 -69 
11 41 -42 -24 -47 -32 1 107 
8 47 4 27 41 11 -13 -67 
17 -20 -5 4 -49 1 -27 6 
-7 -62 -68 26 79 45 7 32 
-5 -44 -8 27 8 -9 -11 -65 
-29 -51 -6 14 2 -9 -29 71 
25 -49 -97 -27 8 10 44 127 
-37 33 75 2 11 6 -2 -105 
5 29 32 -14 -3 17 20 -98 
13 86 8 -6 -28 0 64 116 
7 -18 79 8 10 -1 32 81 
-20 55 -62 -36 -50 -20 -42 -88 
24 68 12 14 55 5 -18 9 
-53 -80 -29 -12 -33 -31 -56 -81 
19 -32 55 -8 -56 -26 7 32 
11 0 2 0 9 -20 16 92 
1 -68 -63 13 35 12 -4 -3 
-48 -13 -36 -13 29 9 -37 -128 
14 -65 -2 -20 -60 -24 -16 74 
10 -45 -20 -1 -95 -11 27 76 
-3 -78 -33 -22 -75 -14 16 40 
52 127 55 1 85 26 -33 -128 
26 127 24 -6 -28 -20 -8 22 
-12 -43 -50 -8 50 18 33 77 
0 13 25 9 -6 7 24 36 
11 -13 -33 11 29 7 -61 -71 
45 68 87 -2 23 18 13 95 
7 -29 -83 14 24 -14 -37 -128 
-16 -104 -10 -6 -33 -28 15 86 
-99 -73 -32 -2 -48 1 -21 -97 
6 -40 -17 0 -19 -18 -2 -5 
-20 -26 5 22 48 23 20 -9 
-3 -49 26 16 16 13 43 96 
8 14 -15 28 19 1 -12 42 
-34 -58 -60 -22 -38 -11 -13 -46 
8 -55 -20 0 6 -13 -36 -104 
58 84 30 11 8 8 24 12 
-63 -2 -3 -4 2 5 -14 -96 
21 25 1 21 56 51 65 127 
-15 17 34 -4 -10 10 9 43 
12 17 -12 -6 -56 -23 12 36 
-16 82 2 10 38 8 -21 -95 
1 -17 -35 4 -25 1 11 95 
-41 84 -19 -38 -23 -19 -32 -94 
-7 34 -69 -23 -35 -22 -18 23 
34 -14 17 -15 -26 4 15 -5 
0 -109 -14 44 57 14 -37 -50 
6 -8 19 11 12 0 -6 40 
-4 -22 -16 -3 -20 -6 -21 38 
15 -43 6 -6 -15 -11 59 34 
2 -14 -2 13 -6 -19 45 19 
3 20 -13 30 -6 -1 35 26 
-13 -12 15 56 33 8 -72 -14 
-5 -9 -11 6 14 8 2 -7 
0 6 3 -16 4 1 -3 -4 
-25 1 -9 37 1 -3 -6 -13 
2 -7 -4 5 0 0 -10 15 
13 3 15 13 6 3 -21 -2 
2 -9 -14 -51 -19 -6 -2 -3 
5 -2 1 29 0 -2 -6 17 
-3 3 14 -56 3 1 -6 -17 
-35 -4 5 -19 -4 -3 -42 -23 
-6 -4 -15 -7 -3 0 3 1 
12 6 10 17 -2 0 -14 -6 
-3 -19 -26 20 -6 -6 -5 -3 
3 1 -2 -99 -3 1 7 2 
-21 1 16 3 3 -1 9 9 
11 -14 -42 -40 -12 -5 -3 1 
10 10 28 32 8 4 7 6 
20 4 10 4 1 -1 -3 3 
-33 -6 -17 -14 -8 -4 -4 -8 
6 5 14 41 8 3 5 8 
15 2 -7 -6 -2 -2 1 0 
11 -3 -3 16 -1 1 -1 3 
-7 -2 7 0 1 -3 -1 -6 
-6 2 15 35 5 3 2 3 
-9 -3 -9 -8 -4 0 0 -3 
-5 0 6 2 4 1 1 -3 
-5 -3 -6 21 0 -1 0 2 
12 2 2 12 1 0 -1 4 
-7 2 12 9 3 -1 -2 -5 
-24 -10 -22 -21 -6 -3 -1 -16 
4 2 12 45 6 1 1 1 
6 1 5 1 -2 0 -4 1 
0 1 -2 4 1 1 0 0 
0 -1 -13 -9 0 0 3 3 
3 -1 -11 -6 -3 0 -1 -3 
4 -3 -6 -30 -4 -3 -3 -2 
5 -2 -21 5 -3 0 -1 -1 
-2 0 5 2 -1 -1 -3 0 
4 3 17 20 2 -1 0 -2 
-2 -1 -4 -7 -2 -1 1 3 
0 0 -4 13 -2 -1 -1 -1 
0 -2 -13 2 0 -1 -2 -1 
0 1 27 -1 -1 -1 -1 2 
1 -4 16 20 3 0 0 4 
-4 -2 -28 -9 -3 -2 -4 -12 
-6 -7 -4 -19 -7 -3 -2 -4 
2 1 14 19 6 1 1 3 
2 1 5 -3 -2 -1 -2 2 
-4 2 -5 0 -1 1 1 -1 
-1 -4 -24 10 -3 -3 -1 -2 
-3 1 -15 -39 -5 0 -1 3 
6 1 8 7 3 -1 0 4 
-2 -1 7 20 -2 -2 -1 0 
-10 1 18 1 0 0 -2 -4 
0 -4 -13 3 0 1 0 -2 
2 -1 -2 -4 -1 -1 1 -3 
2 2 7 -1 2 0 -1 1 
-10 3 1 -6 -2 1 0 -1 
-5 -5 8 3 -2 0 0 -13 
5 1 -6 1 0 0 1 1 
0 2 2 1 -1 -1 -1 4 
-1 -1 -7 -1 -1 -1 -1 -2 
3 0 -2 7 -2 -1 0 1 
2 4 15 -16 -4 0 -2 -1 
0 -6 -32 -6 -3 -1 0 0 
1 -7 7 -1 1 0 -1 -2 
2 -1 -1 -4 0 0 0 1 
-1 -3 -4 -6 -2 -1 0 0 
1 1 1 3 0 0 -1 3 
4 2 -8 15 2 0 0 1 
-6 1 13 15 1 -1 0 -4 
2 -2 1 -1 1 0 -1 1 
-4 1 0 10 1 0 1 1 
-1 1 -2 4 -2 -3 -1 0 
-2 2 10 -3 0 0 -1 0 
-3 -2 -8 -3 0 0 0 -3 
-4 -5 12 -7 -2 -1 -1 -2 
-5 -1 -2 -2 0 0 -2 -3 
1 -1 -3 -9 -1 -1 1 0 
-1 -1 -15 -7 -2 -1 1 1 
8 -5 -5 -5 -1 -1 -1 2 
0 -3 -7 -9 -3 -2 -2 -1 
1 -1 -6 -4 -2 -2 -2 -1 
-4 0 6 5 0 0 -1 -1 
-1 1 -4 1 -2 0 0 -1 
-2 -3 12 4 -1 -2 -1 -2 
1 10 24 10 4 -1 0 0 
-4 -6 -24 -17 -3 -2 -2 -1 
-4 -1 -9 3 0 0 -1 -1 
0 5 10 11 0 1 0 -2 
1 -2 -3 -3 0 -1 0 -2 
-1 7 23 4 0 0 -1 1 
5 -5 -38 -9 -1 -2 0 -1 
3 3 21 -1 0 -2 1 6 
-15 0 5 -4 -1 -1 -3 -17 
-2 -1 -11 -6 -2 -2 1 0 
1 -4 4 -10 -1 -1 0 4 
0 1 15 3 1 1 -1 -2 
2 -1 -1 0 0 -2 -1 3 
2 -2 -19 -1 -3 0 1 -3 
-1 -2 0 0 -3 0 0 1 
-1 -1 -1 -9 -2 -2 -1 -3 
-1 1 2 1 -3 -1 -1 1 
0 -1 -12 5 0 0 -2 -1 
-1 -1 1 -2 -2 1 -1 1 
-1 -5 -9 -2 0 -1 0 -2 
1 -1 -6 1 1 0 -1 -1 
2 2 -2 -2 -1 1 0 1 
4 -5 -5 2 -1 0 1 -2 
1 1 -12 -4 -3 -2 -2 -2 
-2 1 5 -12 -2 -1 -1 -1 
-3 -4 -7 -6 0 -1 0 0 
1 -3 2 3 -1 -2 0 1 
0 1 5 0 0 0 -1 2 
1 2 16 3 0 -1 0 1 
-2 -3 -3 -1 0 -1 -2 1 
-1 -5 0 8 -2 0 -3 -1 
0 0 15 -2 0 -1 1 -1 
0 -7 11 -12 -4 -1 -2 -1 
-1 1 17 2 -1 0 -2 -2 
4 -2 1 -2 -2 -1 -2 -2 
-3 -2 -7 3 0 1 0 0 
0 -1 -6 -27 -2 -1 0 -1 
-2 -3 -14 2 1 1 1 -1 
-2 -2 -15 2 1 -2 0 0 
-2 -5 -22 -5 -2 -3 -2 -6 
-3 -2 -6 2 -1 1 1 -1 
4 2 10 -1 0 0 -1 3 
-1 0 21 4 0 2 1 1 
0 -1 3 -3 -1 0 -1 0 
-2 0 -1 8 0 -1 0 -2 
-3 -1 0 9 0 -1 -2 -2 
-1 -1 -4 -3 -3 0 -1 -1 
-2 -9 -22 -5 0 -2 -3 -2 
-1 2 18 5 1 0 -1 1 
1 1 1 -3 -1 0 -1 -2 
-1 -1 5 1 0 -1 -1 -3 
1 1 2 0 -1 -1 -1 3 
5 -1 -31 -9 -2 -2 -1 3 
4 1 13 4 0 -1 0 1 
-3 -4 -6 0 -1 -1 -1 -2 
-2 0 0 -2 -2 -1 0 -2 
-3 0 -2 3 0 1 -2 -1 
1 -2 0 -2 -1 -2 0 -2 
-2 -1 -10 -4 -2 -1 -1 0 
-2 -1 8 2 0 0 2 -2 
0 -1 8 -3 -2 -2 -1 0 
-1 -2 -5 -1 -2 -1 -1 -3 
-1 -1 -16 -1 0 0 -1 -1 
-1 1 11 -8 0 -1 -1 0 
-1 0 -1 0 1 1 0 -2 
0 0 -3 2 0 0 -1 -1 
0 0 4 -1 1 -1 -1 0 
0 0 -3 -1 0 -3 -1 -2 
-1 1 15 2 -1 0 -1 -1 
-6 -4 0 -1 -2 -2 0 -3 
-2 1 27 3 1 0 -1 -1 
-15 11 -3 4 0 0 2 -8 
-15 63 -7 -9 -5 -1 -2 -14 
4 -11 5 4 10 5 4 4 
59 33 19 13 12 14 17 14 
-26 -19 -14 -14 -12 -10 -11 0 
-6 -60 -19 -1 -1 -5 -9 -22 
-6 -12 2 -1 1 -3 -8 -21 
-3 -24 -1 -15 -17 0 14 0 
18 -10 -25 -27 -18 -7 -5 12 
-69 -37 14 11 9 4 5 -12 
74 58 4 -1 -3 2 15 43 
2 22 4 4 2 0 -1 16 
-23 -32 13 20 32 10 1 -20 
-28 -6 -9 -8 -8 -4 -5 -4 
23 28 17 6 5 6 8 27 
27 18 11 17 9 6 11 29 
-8 -9 10 2 6 -1 1 13 
35 63 1 12 15 12 13 21 
-27 -25 3 5 -2 -3 -1 -9 
-17 18 19 7 4 1 1 11 
-14 -9 -15 -20 -19 -10 -8 -11 
-29 -18 -7 -17 -12 -6 -4 2 
10 37 6 0 -1 0 3 6 
9 1 11 -9 -12 0 5 3 
-16 -24 -10 -6 1 -5 -10 -19 
7 -26 -6 -15 -18 -1 3 2 
0 15 2 4 2 1 1 2 
0 2 10 25 24 15 14 5 
-40 -26 -23 -8 0 -5 -6 -19 
-18 -10 6 7 8 7 5 -1 
34 18 5 5 4 -1 -3 -4 
23 17 1 5 1 2 4 8 
-22 -29 7 1 1 -2 -10 -18 
-2 -23 -6 -7 -12 -7 -5 -4 
0 -9 -23 -16 -8 -2 3 2 
-15 -16 -3 -18 -18 -9 -8 -11 
-10 -26 -21 -13 -8 -4 -5 -7 
-6 5 2 2 2 -1 -3 -6 
-3 7 8 3 1 4 1 6 
-6 0 35 2 -10 -2 -3 -6 
19 7 -42 -20 -9 -4 -3 2 
-23 6 11 19 20 11 4 -5 
15 10 16 -2 -5 -6 -4 -4 
-26 -3 15 18 16 2 -6 -22 
3 19 5 8 8 1 -4 1 
-26 -17 5 8 4 2 4 10 
-6 -10 -5 9 16 4 -2 -10 
-15 3 -7 -19 -20 -3 7 9 
5 -20 -6 -2 -4 -1 -2 2 
-20 -23 7 -7 -10 -6 -7 -9 
-9 -9 -32 -14 -8 -5 -7 -8 
-20 -44 -39 -18 -14 -6 -6 -8 
8 34 17 20 18 6 0 2 
-11 -14 -13 -7 -5 -7 -8 -7 
-5 4 4 -7 -5 -2 0 -5 
4 11 -3 -16 -20 -11 -6 0 
-3 1 -2 -4 -2 -3 -2 4 
26 20 11 9 12 2 4 7 
3 2 -4 0 3 -1 1 -1 
-2 -3 15 11 2 2 2 -11 
-17 10 8 -2 0 -1 -2 -5 
22 7 -3 12 18 8 4 9 
5 16 -14 -5 -5 3 2 4 
-1 9 6 -4 -3 -5 -5 -7 
10 -12 -12 -12 -20 -12 -8 8 
-7 4 5 3 1 1 -3 -13 
10 3 -4 -6 -4 -5 -4 -6 
4 -2 -4 -8 -5 -5 0 9 
11 17 14 5 5 4 4 1 
-9 -6 -6 -11 -13 -3 1 -2 
10 -3 -1 -13 -9 -4 -1 6 
-19 -5 6 14 12 3 0 -4 
8 -7 1 2 3 0 1 -4 
-2 -4 2 2 9 6 3 6 
5 -8 0 0 -6 -2 0 5 
9 5 -7 -5 -8 1 4 10 
-6 -26 -13 -5 3 2 -3 -2 
-2 13 0 -7 -8 -3 -3 -2 
-5 5 1 -16 -18 -10 -3 5 
3 6 0 -7 -9 -1 -1 -4 
10 1 2 0 0 -3 0 7 
1 14 11 16 13 6 4 0 
0 -30 -13 0 3 2 -2 -1 
-13 -6 -18 -6 -5 -6 -7 -10 
17 -3 -8 -8 -12 -5 2 9 
5 9 3 2 2 1 -1 -2 
-13 12 -1 12 18 5 -1 -4 
-7 11 4 8 6 1 2 6 
10 -5 5 0 2 -1 -4 -8 
-5 -7 1 -9 -7 0 1 -2 
10 2 18 6 2 1 2 5 
-23 -10 21 9 6 2 4 -1 
-5 2 -8 -4 -4 -3 -4 -3 
4 -8 -1 1 -1 -1 0 5 
8 -1 -2 5 1 1 2 -5 
-21 -38 -1 -6 -4 -3 -5 -7 
32 -21 14 7 1 0 -2 3 
-13 0 -13 -1 1 -2 -2 -2 
21 2 8 2 1 2 2 4 
-1 14 -25 -13 -9 -2 -4 -5 
-14 -30 -14 0 -4 -2 -4 -5 
-7 -30 -16 -11 -5 -1 -2 -7 
34 -20 10 5 8 3 4 5 
10 33 -7 6 5 1 -6 -6 
-1 -16 4 -6 -7 -1 0 1 
1 34 1 10 8 3 2 0 
-7 -33 -8 4 3 1 -1 -4 
5 14 -3 0 -4 -2 0 1 
3 38 8 -2 -1 0 1 3 
-26 -30 0 -3 -3 -1 -2 -2 
-6 -13 -6 -16 -17 -8 -3 -3 
10 15 15 2 -4 -2 1 3 
0 -16 9 11 13 3 2 2 
21 4 12 10 9 3 1 4 
-29 -40 1 -3 -5 -4 -7 -8 
-9 -45 -10 -12 -8 -2 2 1 
2 52 -2 0 1 0 0 -1 
4 8 -9 -14 -14 -3 0 0 
18 4 4 -9 -12 -8 -4 0 
6 6 5 -3 -2 -2 1 4 
-14 -8 1 -2 0 -1 4 17 
-11 16 3 -5 -14 -6 -6 -4 
10 -8 -3 6 4 4 -2 5 
-4 2 8 8 2 2 -1 1 
15 11 -10 3 9 3 2 -3 
-6 12 8 3 0 0 1 -5 
-3 -15 -2 2 2 2 1 -4 
-3 -11 -5 -8 -10 -5 -4 -7 
5 16 -10 -1 2 0 -2 0 
-4 -8 8 5 3 -2 1 0 
4 7 -4 -1 -1 2 0 -11 
-1 -9 -11 -14 -13 -7 -1 -1 
-7 -9 0 4 6 1 -3 -2 
1 5 1 -2 -3 0 2 6 
18 -1 -5 -6 -4 -4 -1 0 
0 4 8 3 -3 -1 -1 1 
-1 -3 2 5 8 4 1 2 
0 6 4 5 1 -3 2 15 
5 35 -13 -7 -4 -1 -1 -7 
3 6 10 10 9 4 1 1 
-20 -28 -3 -9 -10 -3 -4 -10 
-8 1 3 3 7 1 0 -6 
0 -3 8 -4 -5 -3 -6 -3 
3 -3 -7 -1 5 2 0 1 
0 3 7 -15 -16 -6 -2 0 
2 -11 -3 3 4 0 -1 -3 
-5 -13 -11 -4 -5 -2 -4 -5 
-1 -2 2 -2 0 -1 1 3 
0 2 1 4 0 1 -2 -2 
4 10 3 6 2 0 -2 0 
6 2 4 7 8 0 1 -1 
1 -2 2 2 2 1 -2 5 
-8 -4 3 1 1 1 2 3 
-19 -12 -5 0 -3 -2 -3 -4 
1 -1 -1 -1 -3 -1 0 -1 
8 12 4 -7 -3 0 1 6 
7 -7 -4 0 8 1 2 1 
9 8 15 3 1 1 -1 0 
-1 3 -10 -6 -8 -4 0 5 
-2 -1 -1 -5 -8 -5 -1 1 
8 1 -11 -5 -1 -2 -1 -2 
-2 -8 -2 -3 -3 -2 -3 -1 
-5 -5 -2 2 2 -2 -3 -8 
-7 -2 -4 -3 -1 3 3 1 
2 6 -4 0 0 -2 -3 0 
-12 -10 -8 -6 -7 -4 -4 -5 
2 1 -4 -1 -3 1 0 -1 
-5 -9 -10 -4 -2 -4 -3 -4 
6 -1 -1 -4 -3 0 4 2 
-1 6 2 3 5 2 -1 3 
-6 -4 -4 0 0 0 -1 -4 
1 -15 -11 -7 -4 0 1 4 
5 9 14 3 2 1 0 0 
-3 -1 -2 1 -1 -4 -3 -4 
8 4 7 4 5 2 3 1 
-4 10 2 -4 -6 -2 0 -3 
5 2 10 11 11 4 2 -4 
-1 3 0 4 1 0 -2 -2 
1 1 -3 -4 -8 -2 -3 -2 
-7 -12 -3 -2 -3 -4 -4 -5 
0 6 0 -1 -6 0 -2 3 
0 6 10 8 6 -1 1 1 
-6 -11 -10 -5 -2 -3 -2 -2 
2 -6 -4 -7 -3 -1 -4 -4 
-1 -1 -3 -8 -5 -1 -1 -2 
6 10 4 5 6 1 5 3 
1 2 3 4 4 -1 -2 -2 
-10 -12 -8 -7 -6 -6 -5 -2 
-3 0 0 2 3 2 3 1 
-8 -13 -9 -3 -1 -4 -6 -2 
0 -4 -1 1 5 -1 0 -1 
3 6 3 4 0 1 3 3 
0 -4 -6 -4 -3 -1 -1 3 
3 5 4 1 1 3 0 0 
2 1 2 6 4 3 0 0 
4 4 2 -1 -2 -1 -1 -1 
6 8 -5 -8 -9 -4 0 -2 
-3 -6 -1 4 5 1 -1 0 
1 1 -3 -3 -5 -3 0 0 
0 -2 -1 -2 -1 -2 -1 -2 
-5 0 -2 0 -3 -3 -2 0 
-2 9 1 -1 0 2 1 3 
3 8 12 4 7 3 2 2 
4 -2 1 8 9 2 0 -2 
3 -1 3 1 6 1 1 1 
0 -3 -4 -4 -6 -3 -1 -4 
-2 -6 -9 -3 -3 -1 0 -3 
-3 -2 -3 -2 -1 0 -3 -3 
-2 -3 0 -3 0 -2 -2 -1 
2 1 1 2 1 1 -2 -1 
1 -3 10 3 -2 1 0 -2 
8 7 1 2 1 2 1 0 
-2 3 -2 -6 -3 -3 -1 0 
-9 -6 4 8 4 0 1 0 
4 1 -8 -5 -6 -3 -3 -1 
2 -4 3 -1 -2 1 1 2 
-7 -4 -2 -3 -3 -2 -1 -3 
-7 -4 -2 -1 0 1 1 -1 
0 11 2 -1 0 -3 -2 -4 
4 4 -2 9 2 0 1 2 
3 -2 3 -5 -5 -3 -2 -2 
-3 -4 -7 -7 -4 -4 -3 -3 
-1 1 0 -4 -7 -4 0 2 
-1 -3 5 -2 2 -1 0 0 
-8 -5 -3 1 -1 0 -1 -5 
0 -3 -5 -5 -4 -2 -2 1 
10 4 7 3 -2 -4 -1 -2 
-1 1 -2 -5 -4 -4 -2 -2 
11 9 -4 -8 -10 -4 -3 1 
-3 0 -7 6 8 2 -3 -6 
0 -7 -4 2 -1 -1 2 1 
4 1 2 3 4 5 9 14 
-1 -1 3 -4 -7 0 -1 5 
-1 -2 1 2 2 -1 2 -2 
0 1 -4 -8 -8 -2 -2 -3 
-7 -9 -6 1 1 -2 0 1 
-5 0 -4 -7 -6 -1 -1 -1 
-1 2 11 6 1 -2 -1 2 
-5 -1 3 0 -2 0 0 0 
-1 -5 1 6 5 3 1 0 
-1 6 8 6 4 2 1 1 
-3 -11 -3 -1 -1 -2 -2 -4 
-15 -13 -2 -3 -5 0 -1 -5 
1 9 12 3 6 2 -2 -4 
1 -1 -11 4 8 1 -1 -2 
-5 0 -3 -13 -10 -3 -2 -2 
0 5 6 4 5 1 0 2 
19 9 3 -1 0 -1 1 4 
5 -7 -4 -3 -8 -2 -2 -1 
-3 -4 -10 -1 -2 -1 1 -2 
-9 -5 -5 -4 -1 0 -3 -2 
-4 3 -5 -5 -6 -5 -4 -2 
0 1 -2 -5 -2 -3 -3 -4 
1 -1 -7 -2 -5 -2 -3 -3 
-11 10 -1 -9 -6 -3 2 0 
0 -1 -2 1 -1 -1 -1 -1 
-3 -3 -8 0 4 1 -4 -1 
2 0 5 3 4 4 2 3 
0 -9 -9 -5 -8 -1 0 2 
-12 -9 -1 -5 -2 2 4 10 
-10 -7 -14 -11 -3 -7 -13 -19 
4 -10 -8 -3 -3 -2 -1 -4 
5 3 2 -5 -3 -2 1 0 
-9 -6 -2 -2 -2 -2 -3 -5 
-4 1 5 5 2 -2 1 3 
7 3 -2 4 -3 -2 -1 2 
6 0 2 10 8 3 2 2 
3 0 -2 5 2 3 1 -3 
-3 -2 4 -7 -5 0 0 1 
-8 1 -1 -2 -2 -5 -2 -2 
4 -1 7 11 7 5 3 4 
3 14 1 1 4 1 0 2 
0 2 -1 -4 -2 -1 0 0 
-3 -7 2 2 2 0 0 1 
-3 5 8 3 0 0 1 -2 
-6 -7 -3 -1 3 0 -1 0 
-2 1 1 -6 -6 -3 -4 -1 
-3 -6 -7 -5 -5 -2 -2 -1 
-1 -4 -5 -5 -6 -1 0 1 
-6 -2 3 -7 -5 -2 -5 -5 
2 2 -2 6 8 4 -1 -1 
1 3 0 4 2 1 1 1 
7 3 3 -2 1 1 1 2 
-3 3 -3 -3 -2 -1 -1 -3 
7 -6 -12 -9 -7 -5 -2 -4 
0 0 8 5 6 3 1 -1 
-7 -3 -2 0 -1 0 0 -3 
1 0 0 5 2 1 -1 -2 
-13 -9 2 -4 -3 -2 -1 0 
3 -2 0 6 2 0 1 0 
-3 3 -2 1 -2 1 0 1 
6 -2 -7 -1 2 -3 -4 0 
2 -10 -8 -7 -4 -2 -1 1 
0 3 -10 -16 -8 -2 -4 -3 
4 -2 -3 1 -3 0 0 1 
-5 9 4 4 2 -3 1 -2 
3 1 2 6 3 3 1 0 
-1 6 3 -2 2 -3 0 0 
-9 -9 0 3 -4 -3 -2 1 
10 7 8 1 -2 0 0 2 
-6 -9 -3 4 3 1 -2 -1 
6 5 7 5 4 1 2 3 
4 1 -2 -9 -5 -2 -1 -1 
5 -4 1 -7 -8 -3 0 -1 
-3 -16 -7 -1 -1 -4 -1 1 
-1 -1 0 -2 1 0 -2 -2 
-7 -5 -8 -4 -7 -4 -4 -2 
3 -3 -1 4 4 0 0 -1 
3 -1 4 -3 -4 -1 -1 1 
-2 0 -2 -1 1 -1 1 -1 
-11 3 -8 -11 -6 -6 -5 -6 
1 5 -1 2 0 0 -1 -1 
9 6 8 8 7 4 1 -2 
-6 0 4 8 5 -1 -1 -1 
-4 3 -1 -1 1 0 -3 -2 
-1 0 -1 6 5 2 0 -3 
-10 -14 -5 0 1 1 -3 0 
2 0 0 5 6 3 1 2 
0 0 -2 -3 -7 -2 0 1 
5 1 7 3 3 1 0 0 
0 1 4 8 9 2 1 0 
-5 1 3 -2 -2 -2 -3 -4 
10 2 -3 -8 -9 -4 1 2 
5 -11 -5 1 0 1 0 0 
-3 1 -4 -7 -7 -1 0 -1 
-11 -7 -17 -18 -14 -8 -5 -3 
5 -2 7 6 4 1 1 1 
-5 -1 3 1 1 0 2 0 
3 0 -1 -1 -5 -1 0 0 
11 1 -1 0 -2 -1 -3 2 
-6 2 4 5 4 1 -4 -4 
1 -5 -3 2 7 3 3 4 
5 -1 -2 2 1 -1 1 2 
4 -2 1 -2 2 -3 -2 -5 
-3 -3 -1 0 1 2 0 0 
0 3 3 -2 -3 -2 -1 0 
1 -4 -3 5 0 0 3 1 
7 11 2 2 3 1 -2 -2 
-3 -3 0 -2 0 3 9 2 
0 4 -3 1 3 -1 -11 -5 
-5 5 10 5 3 7 16 4 
1 -3 -4 1 1 -2 -11 -3 
-1 -4 -6 -3 -3 -1 0 1 
-5 -4 -2 -3 -3 1 1 0 
1 3 8 1 1 -1 -1 0 
-10 -8 -14 -8 -5 -2 -7 -7 
-2 6 14 14 5 -3 -16 -11 
17 -3 -10 -9 -4 -1 8 12 
3 0 0 4 1 2 6 4 
-5 -10 -5 1 2 0 5 7 
-4 -1 -8 -9 -3 -2 -5 -6 
-6 2 -10 -14 -10 -5 -6 -5 
3 8 20 12 4 -2 -7 -1 
-1 2 4 6 -2 1 2 -1 
3 -4 -10 -9 -2 -1 -1 2 
0 -8 -10 1 -2 -1 0 0 
-5 -4 -5 -8 -2 -3 0 -4 
0 2 -1 -8 -6 -4 -5 0 
-1 -2 -8 -4 -2 -1 1 -1 
-5 -4 -2 -3 -1 -1 0 -3 
0 4 5 -2 0 0 1 0 
5 -3 -1 1 -3 -3 -2 0 
-3 3 1 -2 1 -1 -1 0 
-2 1 0 -1 -1 0 0 -1 
2 1 0 -1 -1 -1 -2 -2 
0 -1 1 0 -3 -3 -4 -3 
3 0 1 0 -1 0 1 -2 
-1 0 0 -1 0 1 0 -2 
4 1 1 -1 0 0 0 0 
-1 -2 -1 -2 -1 -2 -1 -2 
-2 1 0 0 -1 0 -5 0 
-2 -2 -2 -1 -2 -1 -2 0 
1 -2 -2 -3 0 -1 0 1 
-1 1 4 1 0 -2 -1 -2 
0 -2 -1 1 -1 0 0 -3 
1 -1 -3 -1 0 0 1 0 
0 1 -2 -3 -2 -1 -2 0 
-2 0 -2 2 0 -2 -3 1 
1 2 1 2 -1 -1 -2 -1 
2 -2 -2 -3 -5 1 0 -2 
-2 1 -1 -1 3 -1 2 -1 
-1 -2 2 -1 -1 0 2 1 
0 -1 -2 1 -1 -2 1 1 
-2 -1 -3 1 -1 -1 -2 1 
1 -1 4 -3 0 0 0 -1 
-3 -3 0 -2 -2 -1 -4 -2 
0 2 3 -2 -1 -1 1 1 
2 1 -1 1 -1 -1 -2 0 
-1 -3 -1 0 -2 -2 -1 0 
-2 0 0 -1 -1 0 0 -1 
-1 -1 0 0 -1 -1 0 -1 
-1 0 -2 -1 0 0 0 -2 
0 0 1 -1 0 0 -1 1 
0 -3 -3 0 0 -1 0 1 
-2 -3 1 2 0 -1 -1 2 
1 1 -1 1 0 0 -2 -2 
0 1 0 -2 -2 -1 1 1 
-3 -1 0 1 0 -1 -1 -2 
-1 0 -1 1 -2 -1 -2 -2 
-3 -2 -5 -2 0 0 0 -3 
-1 -1 -5 -4 0 1 -1 -1 
-1 0 -2 0 0 -2 1 -1 
0 0 -2 -1 1 0 0 -1 
-1 -1 0 -3 -1 -1 -1 -3 
0 -2 -1 -1 -4 -2 -1 2 
0 -1 -1 3 -1 0 -1 1 
-2 -2 -3 -4 -3 1 1 0 
-1 -1 -1 -1 -1 0 1 -2 
0 -2 -3 -6 -1 -2 -1 -3 
-2 0 -3 -2 -1 -1 -3 1 
-2 0 3 2 1 1 0 1 
1 4 -1 -5 -1 0 -1 -1 
0 1 0 0 -3 -2 -1 0 
-1 -2 1 0 0 0 -2 -1 
-1 -1 -1 -3 -2 0 -2 -2 
-2 -3 -2 3 2 -3 -2 -1 
1 7 0 3 0 -2 -2 1 
1 -3 0 -2 0 0 0 0 
-1 -8 0 5 2 1 2 -1 
-1 1 -3 -1 -3 -2 -1 -2 
1 -1 0 -1 0 -3 -2 -1 
-2 -2 -2 -3 -1 -3 -2 -3 
-1 5 0 0 1 0 1 -2 
-2 -8 -3 2 -2 0 -3 -2 
0 0 -3 1 -1 -1 0 1 
-2 -1 -3 1 2 1 1 -1 
1 2 1 -4 -5 -1 1 1 
-3 -1 1 -4 0 -1 -1 -2 
1 2 1 0 -1 -2 -1 0 
-2 -3 -3 0 -1 -2 -2 0 
0 0 0 0 -1 0 -1 0 
1 2 1 0 -3 0 0 0 
-1 0 0 1 -3 0 -2 -3 
1 -1 -2 0 0 1 0 0 
2 5 5 1 1 1 1 -1 
-4 -4 -4 -1 0 -2 0 -3 
0 0 0 -2 -1 -2 -3 -1 
0 -1 1 1 0 -2 -1 2 
0 -2 -7 -3 -3 -2 0 -2 
1 3 1 1 1 1 -1 1 