-2 -6 -11 -1 -1 1 0 -2 
-2 0 -1 -1 -3 -2 -1 -1 
1 1 1 0 -2 -2 0 1 
-3 0 -4 -2 -2 -2 -1 -2 
-1 -4 2 0 1 0 -2 -2 
0 4 -2 -3 -2 -1 -1 -2 
-1 -1 0 -1 2 0 0 1 
-1 5 3 -8 -2 0 0 0 
1 0 0 2 0 -1 0 -2 
0 -3 4 2 0 0 0 -2 
0 4 -1 -1 -1 -1 -2 1 
1 2 -4 3 2 1 0 -1 
3 4 8 -3 -1 0 -1 -1 
-4 -8 -17 -22 -8 -5 -5 -3 
3 8 -14 16 2 3 -6 0 
1 5 13 -10 -4 -3 -2 -1 
-4 -6 6 -2 -1 -3 2 -2 
1 5 17 2 1 2 1 1 
-5 -20 -26 -9 -6 -4 1 0 
0 -4 -14 1 0 -1 1 3 
-24 -21 -59 -13 -4 -2 -2 -6 
4 7 4 13 5 3 1 -1 
10 6 -2 20 4 0 1 3 
4 4 -27 -12 2 2 -1 0 
3 -1 23 14 0 -2 -1 2 
-5 -1 59 -7 -9 -8 -6 -5 
-12 -11 48 -14 -12 -5 -3 -5 
0 -5 30 7 -2 -2 -2 -3 
4 1 -22 12 8 5 4 -2 
-5 -19 -116 -60 -19 -6 -2 -3 
-3 -7 31 -23 -10 -6 -14 -9 
14 7 -22 6 4 3 4 9 
-19 -56 -53 -43 -5 -5 -13 -49 
2 15 -94 -55 -3 1 8 20 
-7 -7 127 28 10 9 8 10 
-8 -8 -73 13 8 3 1 -6 
34 56 84 88 33 16 16 27 
3 -55 -14 22 1 0 -1 0 
-11 33 -3 -22 -10 -7 -1 11 
-36 -52 40 66 5 1 -15 -42 
-63 -74 -54 -75 -37 -26 -26 -61 
18 -4 7 21 25 15 15 34 
36 87 80 17 -10 -5 9 36 
0 48 -17 -2 -1 0 -4 -3 
34 61 84 23 -4 -1 6 30 
26 30 36 37 3 4 4 9 
-45 -31 -88 -50 7 6 -2 -21 
86 103 127 122 73 47 38 49 
30 -15 26 52 36 23 17 12 
-7 53 6 -26 -24 -15 -20 -34 
-78 -10 127 49 -34 -23 -25 -47 
40 60 94 104 43 30 26 35 
-22 6 41 -15 -12 -4 -1 -3 
35 61 78 77 15 3 -15 -58 
65 127 -8 2 -5 0 6 22 
-60 -62 -13 -56 -38 -24 -19 -9 
-1 -6 -37 -2 -17 -10 -5 3 
-12 11 89 122 16 6 6 12 
61 120 127 87 36 21 16 18 
-39 2 106 21 -28 -23 -21 -33 
-61 -128 -72 -35 -18 -11 -13 -29 
57 127 11 6 24 12 10 21 
-40 -56 -128 -82 -15 -12 -11 -17 
-62 -31 -24 -56 -41 -31 -43 -90 
93 30 -32 82 50 33 30 58 
-62 -104 58 -31 -6 -4 2 -2 
59 74 68 53 14 14 14 24 
12 115 93 -12 -15 -11 -9 -3 
-29 -56 -46 -47 -11 -7 -6 5 
43 29 74 48 30 21 22 50 
-30 -34 -91 -44 -21 -20 -7 -35 
33 94 28 68 21 20 22 29 
-35 0 -128 -128 -52 -36 -29 -39 
5 9 115 49 -16 -11 -6 -8 
-13 20 35 19 -5 -5 -17 -16 
16 -18 74 28 33 26 31 22 
-92 -105 31 -21 -20 -13 -25 -70 
37 21 77 27 25 17 15 29 
0 16 76 27 -8 4 11 15 
71 116 10 81 32 3 20 53 
14 25 42 7 5 3 4 2 
39 76 90 19 6 0 -8 -26 
9 -31 -43 -11 -1 -2 8 10 
-23 -50 -55 -109 -29 -7 -4 -7 
20 70 -34 27 -7 8 19 47 
0 -42 26 55 19 12 8 14 
-14 15 -90 -50 1 10 7 8 
-56 -31 45 -25 -27 -20 -22 -41 
26 39 44 -7 -1 5 4 2 
-61 -128 -128 -73 -25 -21 -20 -20 
0 -23 62 2 4 4 7 21 
-2 4 -64 -36 -12 -11 -10 -9 
-4 1 38 -19 -2 0 1 8 
-40 -67 -15 -33 -17 -24 -27 -54 
9 24 47 11 -1 1 1 15 
-9 32 42 56 23 19 14 16 
6 3 26 -17 -7 -6 2 16 
11 38 -56 7 2 1 0 9 
55 107 110 32 19 14 13 22 
13 -5 -24 -45 -6 -4 -3 -4 
-14 28 -15 -6 -15 -7 -1 7 
-3 2 49 4 0 -4 -5 -4 
-25 -78 -23 -15 -24 -14 -14 -8 
-18 -16 112 66 4 2 -6 -27 
9 -59 9 -9 -1 3 8 27 
-2 -9 -104 0 13 3 -8 -19 
-39 -9 -13 -47 -32 -10 -7 -5 
25 -22 -34 32 43 13 21 32 
-40 -69 4 -33 -21 -11 -4 -8 
4 -1 -89 -20 -20 -3 -5 -14 
53 62 101 29 -6 11 18 49 
19 54 7 -2 4 16 9 22 
6 16 76 24 -17 -7 6 3 
-40 5 45 3 4 -3 -5 -24 
-21 14 -36 37 27 16 3 14 
-15 -59 -128 -39 -17 2 5 10 
22 18 99 55 16 3 -2 -10 
6 63 85 17 14 9 -2 -7 
30 27 -64 -31 10 5 7 11 
6 45 -128 -52 -5 -7 -10 -13 
-3 -3 -23 -28 -16 -13 -6 3 
27 65 -8 26 24 18 18 28 
7 -3 14 18 8 -1 -3 2 
-23 -39 -81 -8 23 3 -8 -18 
-21 -73 -7 -21 9 3 -2 -14 
-3 10 29 -12 -13 -8 -2 4 
-35 -76 -113 -48 -26 -13 -11 -23 
13 44 -35 -14 3 4 4 4 
26 75 51 -5 -11 -1 5 18 
-64 -121 -128 -117 -32 -29 -27 -41 
16 49 92 32 3 -4 -8 -4 
-2 20 -48 -33 -21 -13 -14 -19 
-46 -103 31 14 -16 -10 -11 -16 
9 64 114 33 13 7 0 -2 
-14 -32 54 3 -19 -8 2 15 
-47 -47 17 -11 -5 -14 -16 -29 
9 68 -59 -41 -24 -9 7 29 
-37 -80 -59 0 40 9 0 -15 
31 -37 -53 -19 -9 -1 8 14 
-1 -56 -93 -9 -6 -5 -8 -18 
2 -22 95 14 -29 -18 -6 17 
-5 27 -19 19 8 13 5 -10 
25 -49 -87 -39 -26 -18 -10 -1 
28 64 13 27 4 8 6 12 
42 90 103 24 -2 1 3 12 
14 67 32 4 6 11 18 31 
33 54 61 38 22 6 7 16 
-66 -53 -31 -2 4 8 7 -1 
-1 27 -61 16 15 2 -3 -19 
-2 -17 -46 -8 0 -3 -5 -4 
-35 -21 127 -37 -53 -29 -25 -32 
16 12 -58 -43 -8 11 6 5 
-20 32 -41 -4 -10 -16 -10 -10 
-1 24 122 2 -15 -10 -15 -21 
12 23 35 11 14 7 4 2 
11 -6 -55 -4 2 -6 -5 1 
-7 -12 -107 -49 -9 -6 -2 -2 
-15 8 -18 -7 7 -6 4 12 
25 30 62 37 11 3 5 15 
19 42 49 25 18 13 9 11 
-29 -76 24 -1 -15 -10 -11 -7 
-64 -23 -9 -33 -5 -6 -14 -42 
15 -7 75 17 7 2 -10 0 
15 82 40 39 3 11 8 3 
-10 -39 -38 -1 9 3 0 -3 
4 27 68 -51 -38 -21 -17 -14 
20 11 69 44 6 8 21 33 
-13 -20 -62 -52 -20 -13 -18 -30 
31 -36 -96 28 30 17 24 36 
4 66 -49 -28 -10 -4 -7 -14 
-26 -40 122 27 -11 -11 -8 -13 
-14 69 26 31 14 11 3 -3 
2 -4 -55 -11 -1 -7 -20 -58 
-15 -31 -8 -40 -21 -15 -6 -5 
22 25 -21 -8 -7 -3 1 14 
-22 -51 -24 -36 7 1 -2 -4 
-13 -27 -66 -15 2 -5 -4 4 
4 -31 -79 -10 -1 1 4 13 
3 5 81 -12 -23 -10 -5 -8 
-24 -9 -40 -21 -25 -17 -16 -24 
24 41 -10 8 25 12 10 11 
-41 -30 -34 -77 -53 -31 -21 -15 
-13 -33 -3 -9 1 6 6 12 
-9 -18 114 12 -18 -13 -10 -12 
-40 -26 -32 -82 -39 -19 -26 -54 
-5 -11 -80 -11 16 9 0 -11 
-47 -45 -75 -86 -53 -34 -28 -33 
33 41 25 17 2 7 8 20 
-9 16 -9 -49 -6 -11 -15 -25 
-5 0 23 13 -2 0 -1 2 
18 9 -53 -2 6 7 -4 -16 
-4 -46 -45 9 49 12 6 3 
-2 -8 74 33 23 7 4 7 
21 -31 120 58 -6 -1 -1 7 
-8 -11 30 -11 -17 -6 1 4 
24 83 34 20 20 10 17 28 
-42 -13 61 -7 -12 0 -18 -64 
8 20 -7 -4 -11 1 -1 3 
-5 14 7 11 -2 -5 -3 -5 
-17 -28 13 11 7 -5 -8 -10 
-17 -55 -58 -47 -5 -7 -6 7 
16 12 0 -8 -7 -1 7 21 
22 56 48 9 -2 9 10 11 
4 40 8 -9 -18 -5 -2 3 
-18 -33 6 11 12 -3 -5 -15 
-5 -5 -13 -16 -17 -8 -9 -11 
-45 12 9 25 17 14 11 1 
-9 -3 -34 15 8 3 0 -7 
-3 -13 98 -3 -18 -13 -10 -11 
2 -13 -52 -32 -11 -8 0 3 
-15 -78 -125 -16 -5 -8 -5 -9 
-11 -10 17 3 -5 2 2 7 
11 14 38 -44 -15 -6 -13 -18 
15 29 104 52 9 0 0 25 
8 1 53 8 -12 0 1 3 
-3 -13 4 -3 0 -10 -7 -3 
1 31 47 29 14 7 6 2 
-35 -70 -68 -40 5 6 -2 -18 
13 4 39 6 3 0 -3 3 
16 1 14 16 12 2 -3 6 
43 79 12 11 23 20 26 38 
-5 -59 0 -6 8 2 -18 -45 
-12 -1 -23 -16 -9 -4 -7 -13 
-11 -28 32 6 -12 -1 8 1 
-6 -43 -52 -22 -20 -5 -5 -7 
16 21 60 48 27 5 6 11 
-61 6 23 -4 6 3 2 -11 
8 -56 3 8 2 1 2 4 
16 -6 -12 17 12 -1 -13 3 
-4 25 -10 -15 -18 -3 9 14 
2 42 54 4 5 -1 0 -7 
-40 -48 -47 -26 -16 -12 -10 -18 
26 77 20 -11 8 2 -4 -13 
-12 -67 -80 -12 1 -5 -5 -10 
7 -9 78 -13 -8 -10 -5 -4 
-30 -78 -55 -39 -21 -14 4 3 
26 33 49 19 -3 4 13 19 
6 9 19 23 5 2 -2 3 
-46 -66 -45 -5 -1 -2 -16 -32 
0 -12 -55 20 -6 -7 -3 4 
32 -45 -52 -2 3 4 1 -1 
-21 -30 0 -19 -14 -8 -6 -13 
-2 0 8 -43 -4 3 2 5 
12 38 -19 19 5 3 5 10 
17 67 26 5 -4 -4 -10 -6 
-6 -19 -68 -18 -17 -13 -14 -12 
-14 97 35 20 -1 -2 -4 1 
-7 -6 -25 -3 3 1 0 -2 
9 -15 12 3 -12 -2 1 1 
3 -8 62 6 3 -3 -10 -1 
1 -11 56 -6 -14 -6 1 4 
29 -25 88 23 2 -3 2 11 
-24 -7 -30 17 17 9 6 0 
-6 23 60 -22 -19 -9 -5 0 
3 7 -28 4 -1 -1 3 18 
15 18 8 25 12 6 3 4 
-16 -29 -18 -25 -7 -10 -22 -50 
10 16 -4 2 0 0 1 8 
6 14 -20 -8 1 3 7 12 
-1 5 80 52 17 8 12 13 
6 49 -63 -43 -13 -5 -3 2 
13 29 -3 -16 -27 -9 -6 3 
1 15 17 -7 -8 -5 -6 -4 
-1 -28 -24 11 11 4 4 5 
-27 -72 -28 4 -2 -7 -8 -4 
-2 6 -54 -11 2 4 2 -5 
-8 -27 18 6 -3 -1 2 -2 
4 -52 -45 -36 -1 -2 -4 -4 
8 43 51 9 13 8 6 3 
15 28 22 16 6 5 6 8 
11 13 -47 -24 -8 -5 0 13 
-10 -13 5 -3 -5 -1 -2 -2 
-16 -20 22 24 10 9 3 -1 
-2 15 -2 -13 -8 -3 -1 0 
1 11 -1 31 13 6 3 0 
7 27 52 47 17 10 7 2 
8 -50 -13 2 8 3 0 -1 
-14 -5 4 2 -4 -5 1 -5 
11 37 -55 -31 -14 1 5 10 
15 14 14 18 18 11 1 5 
-24 -55 11 -5 -10 -9 -5 -12 
3 0 -30 -9 -9 -6 0 7 
11 68 127 39 5 4 3 4 
-19 43 -41 -22 -12 -6 -24 -39 
14 5 -71 -15 -7 -1 1 11 
0 -1 59 22 2 -2 2 5 
0 24 -47 -8 7 7 3 -6 
0 -20 10 -2 -11 -9 1 7 
1 -8 -81 -37 15 4 3 11 
-1 -21 -31 -6 -5 0 -11 -32 
5 16 8 10 -6 -2 2 3 
16 22 7 4 9 7 11 21 
0 5 -93 -62 -14 -9 -7 -6 
8 20 -4 7 14 7 9 11 
1 -22 -27 -23 -9 -8 -3 -5 
-8 -26 -5 -14 -16 -8 -3 -2 
12 14 -15 -35 -19 -13 -12 -15 
-3 -9 -23 -1 11 3 3 2 
17 28 -26 -1 -3 3 2 11 
-14 -11 38 -1 -2 -2 0 5 
2 -20 -37 8 7 1 2 7 
-3 -9 4 -23 -16 -4 -5 -14 
15 28 53 27 15 7 8 5 
14 29 33 -5 4 0 0 12 
16 53 66 13 -7 1 8 12 
-23 -47 50 -19 -15 -17 -7 1 
-3 -3 13 4 -6 -2 -3 -6 
12 23 -95 -5 15 12 12 18 
-18 13 40 3 2 -4 -8 -20 
9 -11 20 23 20 7 1 3 
13 26 -23 22 18 13 10 11 
4 3 67 21 13 5 0 3 
6 8 29 7 -8 -5 -7 -5 
4 -33 -25 4 -2 0 -3 -9 
4 19 23 15 -3 -2 1 3 
1 4 -18 -13 -6 -5 -2 -2 
20 -1 -24 0 -4 -1 4 12 
2 -57 -68 -61 -24 -8 -3 -4 
-2 -32 -60 -23 -7 -5 -3 -3 
-3 0 -5 12 -3 -1 -1 -1 
-28 -45 127 12 -25 -14 -13 -24 
7 17 16 10 -2 2 3 10 
7 25 -14 9 6 5 2 6 
8 33 23 9 4 4 -4 -18 
-25 -63 -125 -52 -11 -16 -13 -12 
-2 14 30 20 22 6 1 -7 
-8 -30 21 -25 -24 -20 -11 -6 
3 26 -68 -15 1 6 1 0 
4 3 -40 -13 -3 0 -3 -1 
24 87 82 18 0 -2 -1 4 
-11 -22 -11 -10 1 0 -1 4 
-27 2 -31 -13 -1 0 1 -1 
-18 -48 33 17 -23 -10 -12 -12 
18 27 43 -3 2 -1 -1 10 
-2 -10 -21 -9 7 0 4 2 
14 12 64 16 6 3 7 11 
-4 0 25 -1 -5 -3 -1 -5 
-1 -3 -38 6 4 5 3 4 
3 15 26 9 5 2 0 1 
7 19 68 21 0 -4 -3 -6 
24 23 1 3 24 10 7 13 
1 -13 -56 -35 -4 -1 1 5 
-7 10 -8 -7 -12 -5 -3 -3 
-1 -35 -47 -17 -2 4 -3 -6 
6 18 -36 -19 -9 -7 4 6 
6 -7 -30 -7 -12 -2 -2 10 
10 12 35 39 12 7 6 10 
-11 -21 -74 -42 -9 -5 -4 -7 
21 49 23 3 2 1 7 15 
-22 -9 -4 5 2 1 -6 -8 
-6 6 18 17 2 -1 0 -7 
-16 -64 -49 -22 4 2 -4 -9 
2 -3 -36 -19 -9 0 -1 8 
2 4 30 13 6 3 1 2 
6 25 19 0 3 2 1 3 
-3 12 62 32 12 7 5 8 
-7 -7 20 2 -4 -2 -5 -12 
-14 -24 24 11 0 -3 -5 -10 
0 5 39 3 -8 -5 -4 -5 
11 -2 26 5 5 1 -10 -33 
7 28 -26 -5 -1 1 1 2 
-11 -40 -46 -6 -1 -3 1 6 
7 -25 -67 -17 -5 0 -1 2 
-7 -10 46 23 10 6 7 9 
16 15 -17 3 -3 4 4 15 
0 -11 93 19 1 -3 -2 -6 
-2 30 53 -1 -18 -14 -8 -11 
15 21 18 28 23 12 7 3 
0 -11 8 6 -1 -1 -3 -8 
33 44 6 6 8 7 5 14 
-13 10 -36 9 5 -2 -14 -28 
-18 0 23 -46 -24 -15 -13 -11 
6 7 19 7 -5 -3 -5 -15 
9 4 -75 7 11 8 8 12 
-5 6 -15 -4 9 8 6 1 
-13 0 -111 -64 -23 -13 -8 -4 
-21 -46 -109 -63 0 0 7 -5 
7 15 19 -8 -13 -6 -1 5 
8 24 -43 -11 3 0 -4 6 
4 -13 35 22 6 2 3 4 
13 29 29 19 -1 1 0 4 
-3 6 61 17 -18 -9 -6 -3 
3 9 20 -6 -7 -4 -3 -4 
-13 6 47 19 4 1 -2 -2 
-15 -36 -77 -57 -22 -15 -11 -17 
-11 -23 -73 9 14 2 0 -8 
-2 1 -52 15 5 4 0 -2 
-13 -49 -50 -40 -6 -3 0 10 
5 -31 127 32 -4 -1 -1 -3 
-5 7 -40 -17 -9 2 2 2 
0 37 42 1 10 4 5 0 
-1 4 59 12 2 3 0 -2 
28 -34 -27 14 10 2 1 3 
2 10 -68 -10 6 2 5 14 
20 43 117 40 4 6 11 26 
0 24 78 7 6 -5 -6 9 
2 -47 -22 4 2 3 0 -8 
-7 18 4 7 1 -4 -11 -33 
-32 -78 7 -71 -37 -19 -11 -6 
-14 -14 78 19 -1 -7 -3 -1 
11 22 -12 29 15 11 8 13 
-9 -18 -27 -34 -11 -1 -3 1 
6 20 -6 24 5 1 4 -4 
1 2 -14 0 -14 -1 2 6 
-2 -7 -16 -5 -3 1 2 2 
0 28 -3 0 3 0 0 4 
0 18 -1 7 6 3 0 -1 
32 27 -9 2 0 -1 0 6 
18 -36 -8 -1 8 5 1 6 
47 11 -6 -4 -3 -2 0 11 
-3 2 67 18 3 0 3 4 
-3 -19 -11 -4 1 -1 4 19 
-30 9 11 -2 -5 -3 -2 -9 
-26 26 -7 9 5 2 -1 -1 
10 7 35 12 4 3 3 3 
-12 2 14 3 2 1 1 -5 
-12 -16 -5 -3 -5 -3 -6 -12 
6 -11 -5 -2 -5 -2 1 0 
-1 -4 11 -11 -8 -4 -3 -1 
14 -16 3 7 9 6 5 7 
2 8 50 7 -1 -6 -8 -11 
-14 -4 -11 -8 -1 0 0 -1 
5 14 23 11 2 6 -7 2 
-4 4 3 5 4 -1 2 -5 
-6 1 14 4 1 3 -1 -5 
5 4 -51 -27 -17 -3 0 2 
-12 1 32 -9 -4 -5 -5 -8 
4 10 47 9 9 11 10 23 
4 -3 -6 -14 -4 -1 5 4 
-7 -6 -12 -3 -8 -3 -4 -10 
-7 3 5 -4 -3 0 2 -4 
-11 -7 -1 2 -2 -2 -4 -12 
-4 -4 0 -1 -1 -5 -4 -6 
0 -2 -15 9 3 0 -2 -2 
-7 -10 46 -19 -18 -6 -2 -6 
-5 -6 -5 8 -6 -5 -5 -3 
-2 -14 -4 10 14 2 -1 -2 
1 9 7 -4 -8 -1 -1 -3 
1 8 -8 0 8 -2 -1 2 
0 -4 -18 -9 -8 -4 0 1 
-1 -2 0 -1 0 -2 -2 -1 
1 -1 -2 -2 -1 -1 -1 0 
-1 -1 -1 -1 -2 -2 0 0 
0 -1 0 -2 -1 1 -1 -2 
-2 -1 -3 -1 1 -1 -2 -2 
-1 0 0 0 0 -1 -1 -1 
-1 0 0 -2 -2 -2 1 1 
2 1 2 -1 0 2 0 0 
-3 2 8 4 2 -2 -4 4 
-4 8 12 5 4 6 0 -22 
-2 -1 -2 7 2 -3 -9 -6 
-24 -89 -112 -86 -24 -8 -12 -18 
1 40 -31 24 20 12 13 -3 
-11 -44 -11 -12 -22 -16 -2 16 
5 44 -28 -24 -22 -14 0 0 
-23 -75 -45 -15 -24 -16 -10 -11 
-15 -66 -1 -7 -19 -21 -24 -10 
-2 37 5 14 0 -3 8 2 
4 9 10 22 -2 -3 -3 2 
23 105 127 123 36 11 12 14 
18 9 96 28 17 17 9 17 
-39 -60 -128 -114 -59 -46 -46 -39 
18 68 -26 -63 4 20 16 16 
-10 -46 -20 -34 0 16 8 1 
-9 -9 -9 -8 -33 -20 -16 -12 
7 10 75 95 48 27 16 1 
5 14 32 32 21 9 -4 7 
-23 -63 -40 28 -5 -3 3 -4 
-3 -19 -48 -20 -14 -4 -4 4 
-40 -46 -88 -86 -42 -26 -18 -24 
-15 -64 36 14 6 5 7 -5 
-7 0 -53 -94 -12 -9 -9 -4 
-6 -17 -25 -38 -18 -17 -14 -9 
0 -18 -4 -17 -7 -5 2 2 
-12 -51 -99 -69 -28 -9 -10 -3 
-39 -82 -107 -95 -28 -15 -14 -23 
10 40 22 0 -19 -12 -7 1 
15 16 -4 9 34 14 2 2 
-24 -60 -4 36 8 3 -9 -11 
24 22 78 85 42 17 18 16 
5 17 34 31 -11 -15 -21 -4 
1 17 101 39 -5 -3 -10 -5 
4 47 -29 -60 -22 -16 -13 -3 
-7 2 -7 -8 -25 -16 -2 -6 
14 52 -36 -42 -6 -3 5 9 
8 2 -45 -4 18 16 28 13 
-29 -86 -105 -71 -43 -26 -14 -15 
15 60 96 59 27 14 3 8 
19 68 50 5 3 2 6 6 
-14 -33 -10 -24 -26 -12 -15 -10 
0 -36 0 4 -9 -9 -3 7 
-6 18 55 21 -9 4 0 -4 
1 39 15 9 2 -10 -11 1 
2 3 3 41 22 12 4 2 
-17 -39 -82 -55 -8 -1 3 -5 
5 22 -42 -26 -11 -8 -7 0 
22 31 47 31 19 9 4 12 
-10 8 11 -8 1 -1 0 -7 
-9 -17 -22 -6 19 5 -4 -9 
15 26 63 39 4 5 13 3 
-1 1 8 57 12 -5 -1 -2 
8 29 32 30 -11 -7 -2 -2 
-1 5 4 -13 -5 0 4 0 
1 -23 -7 21 -2 4 9 6 
-4 -29 -35 -44 -25 -12 -6 -7 
13 11 3 -16 20 12 10 8 
11 48 79 47 13 -2 8 8 
-11 -24 -65 -44 15 14 -2 -8 
-11 -64 -105 -64 -9 0 -10 -5 
-12 -39 -34 6 22 5 -4 -1 
-5 -27 -8 -9 -15 0 -7 -4 
12 65 62 -8 -6 0 -4 2 
3 15 -8 -36 -24 -10 -5 3 
12 30 12 8 9 2 8 8 
-13 -22 -7 2 -11 -16 -17 -14 
-6 -14 -19 -16 -16 1 3 2 
13 42 43 1 9 10 8 2 
-9 53 85 70 19 17 12 -4 
0 -17 -41 -28 -11 -4 4 7 
37 46 74 65 19 17 15 15 
10 37 71 -10 -12 -2 -6 1 
-5 3 -31 -31 -27 -19 -6 -6 
10 0 70 81 26 10 5 8 
-10 3 -54 -17 -16 -14 -18 -7 
15 36 4 14 7 -4 -9 4 
-16 -38 -73 -36 -22 -11 -4 -6 
-18 -73 -104 -86 -26 -13 1 -11 
-10 -23 -1 -9 -15 -16 -12 -7 
-28 -57 -27 -9 -9 -8 -11 -13 
19 51 73 100 40 29 19 11 
19 50 55 14 -18 -8 -15 5 
-32 -69 -28 -23 -8 -9 -11 -25 
-6 -30 -32 -9 12 16 16 4 
-32 -85 -63 -65 -34 -19 -10 -17 
8 19 -28 -2 14 6 3 3 
22 69 43 21 18 16 12 16 
3 10 69 46 21 4 2 2 
19 57 78 19 12 12 7 11 
-12 -9 -11 -18 -18 -13 -5 -11 
7 7 8 30 17 8 3 6 
13 12 17 -5 -23 -4 0 4 
16 50 59 41 14 3 7 9 
5 11 -17 -10 3 6 2 0 
-21 -48 -18 12 1 5 5 -2 
-15 0 8 -37 -21 -13 -8 -9 
-19 -68 -113 -42 -11 -6 -9 -8 
15 25 56 55 36 8 0 8 
-7 -15 -42 -48 -14 -1 -7 -9 
-1 1 9 5 -8 -5 -8 -5 
3 40 16 -3 -1 0 4 0 
-11 -19 -48 -21 -2 -7 -4 -9 
-3 -37 -59 -11 2 -1 -7 -3 
-10 -25 2 21 15 1 -5 -6 
16 12 55 28 16 8 12 12 
1 -25 -7 -2 1 -1 3 5 
-11 -23 -39 -23 -29 -14 -10 -6 
-10 4 -21 -51 -21 -10 -5 -11 
-3 -11 -24 -21 4 -3 1 -1 
-8 -20 42 42 28 8 -6 -6 
2 12 -7 -3 -4 1 -3 -3 
-4 -23 22 17 5 1 1 2 
-19 -48 -47 -35 -29 -15 -12 -11 
0 25 1 -11 -5 2 3 -4 
11 33 -6 -6 6 7 6 6 
-4 30 34 -5 9 3 -1 -3 
8 29 -3 15 4 1 5 6 
10 31 -26 -15 -2 -1 0 5 
0 -27 -31 -15 2 0 3 0 
15 36 24 17 7 8 5 9 
2 10 25 6 -10 -4 -2 1 
-15 -29 -54 -27 -4 -5 -10 -8 
8 32 1 -2 -3 -8 -20 -1 
-12 -19 -18 -27 -15 -7 -3 -4 
-16 -26 -32 -7 -2 -4 -6 -8 
-2 -14 1 2 -5 -2 -8 0 
2 12 53 37 9 4 10 2 
3 -13 34 43 14 9 14 4 
-4 2 13 2 0 -2 -2 -5 
4 -18 -22 1 1 1 -1 3 
-7 3 -5 -8 -5 -4 -6 -8 
13 10 19 -1 3 4 14 15 
-1 -21 2 12 -3 3 10 -2 
-7 -23 -26 -23 -9 -5 -4 -5 
7 32 2 7 6 0 -9 0 
-4 -13 -4 9 2 -2 -7 1 
-3 -12 -39 -14 0 1 1 -2 
14 12 8 12 6 5 4 8 
-26 -105 -59 -15 -1 -5 -12 -14 
9 73 58 23 15 9 7 3 
-3 12 -26 -51 -23 -13 -16 -7 
0 -20 9 6 2 5 12 10 
-5 9 -47 -31 -18 -9 -7 -5 
8 17 1 0 -9 -5 -1 3 
-3 -3 32 5 20 7 -3 -2 
-10 -58 -38 -32 -15 -15 -3 -4 
-4 -14 -24 -19 -5 1 -5 -4 
14 66 72 46 15 5 2 7 
1 -17 12 -11 -14 -11 -7 1 
-2 16 22 32 17 12 1 -4 
1 -3 -8 -12 -8 -9 -4 -1 
14 12 -26 -3 12 14 17 9 
-11 -15 3 -3 -16 -14 -6 -10 
3 -8 19 26 1 -3 0 5 
5 15 39 48 18 13 6 2 
5 28 36 -3 1 -3 -5 -3 
12 27 1 -2 14 9 2 3 
-14 -58 -73 -33 -8 -4 -7 -6 
-8 -18 -45 -25 -9 -6 1 -3 
1 2 11 14 -13 -9 -6 3 
9 61 52 3 -7 -10 -10 1 
-23 -28 -40 -36 -11 -15 -5 -14 
18 44 25 30 43 28 24 13 
-2 11 -52 -80 -38 -20 -12 -6 
-25 -94 12 1 -16 -10 -5 -11 
-9 -19 -56 -34 9 5 5 -1 
0 21 -30 -32 -9 5 -2 -2 
-4 -8 28 37 1 -2 7 2 
3 14 22 0 -3 5 0 -18 
-3 4 14 27 12 8 -3 -4 
-6 -22 -1 23 -1 -3 -7 2 
-4 -12 -6 -20 9 6 5 2 
8 40 6 16 4 -4 -2 7 
19 33 37 25 10 9 7 11 
4 -10 40 25 10 3 4 7 
-3 -40 -47 -28 -14 -8 -6 -4 
-2 -30 -20 10 20 7 4 3 
-13 -48 -32 -7 -13 -6 -4 -3 
-12 -31 -82 -70 -32 -20 -7 -4 
4 12 69 29 2 0 3 0 
-5 -48 3 -2 -9 -6 -1 0 
6 37 53 51 18 16 1 -1 
0 32 67 32 1 -6 -6 -4 
-27 -55 -39 -32 -18 -9 -9 -12 
-36 -59 -19 -32 -26 -19 -13 -22 
9 23 -22 -1 -9 -1 1 4 
9 15 -51 0 5 4 1 6 
0 -16 5 -46 -13 -3 12 5 
19 67 6 29 21 18 13 10 
-15 -37 -3 33 10 3 -1 -5 
-13 -37 -21 -20 -24 -11 -5 -10 
14 85 74 29 11 4 3 2 
-8 -12 11 -10 9 5 1 1 
9 0 59 28 5 -4 -6 4 
3 14 74 17 -4 3 3 -1 
0 -22 2 13 17 9 -2 -4 
8 8 35 43 11 7 8 10 
-8 -13 62 23 -8 -4 -1 -6 
15 13 -5 14 9 3 11 8 
6 -19 -22 20 21 15 1 3 
35 59 88 89 44 26 12 20 
-11 -9 -57 -99 -44 -29 -23 -15 
20 68 94 98 31 19 13 11 
-3 18 27 23 -1 -3 5 2 
-32 -46 -81 -54 -31 -19 -23 -20 
18 73 -3 18 30 20 16 11 
5 21 -32 -12 5 2 -3 3 
7 -14 3 -6 7 3 -3 2 
-2 -13 24 32 0 0 7 3 
1 18 -4 -14 0 -7 -4 -6 
22 55 30 56 9 1 7 8 
13 31 62 61 1 4 2 6 
18 84 77 17 17 5 2 6 
-2 13 -15 -14 2 12 7 5 
1 -31 48 27 -8 -4 5 8 
-20 -94 -41 -50 0 -3 0 -7 
20 84 -9 -48 -11 -5 -4 8 
-29 -86 -116 -33 -5 -4 -3 -17 
-9 -36 -61 -25 -24 -14 -7 -7 
-3 -38 9 1 -1 -1 -6 -1 
6 -11 -31 -11 1 3 -4 2 
-16 -36 6 0 14 9 -2 -13 
-5 -7 -28 -53 -36 -26 -22 -9 
10 52 60 39 15 7 0 8 
-18 -62 -100 -74 -32 -19 -5 -10 
-14 -8 7 -68 -40 -16 10 -8 
27 20 59 32 22 11 11 15 
16 27 74 73 44 21 3 6 
-17 -42 -39 21 -11 -13 -15 -8 
-18 -83 -81 -3 14 10 9 -3 
26 53 1 0 15 13 14 13 
13 32 -24 -19 10 7 -5 1 
-11 -36 -71 -15 -12 0 0 -6 
4 0 27 -33 -22 -16 -14 -5 
-18 -77 -73 -7 -17 -18 -12 -10 
2 36 17 3 18 17 11 9 
-7 14 14 -21 4 7 2 -2 
-6 -20 35 13 0 -3 9 4 
5 52 36 26 9 -4 -8 -2 
10 32 28 -16 1 11 4 3 
-32 -42 -69 -28 -7 -8 -12 -17 
-34 -110 -94 -38 -19 -11 -5 -11 
37 87 127 96 31 14 7 14 
-6 -39 -36 -18 -15 -9 -4 -5 
18 17 34 19 -2 1 2 8 
-14 -34 -50 -21 -13 -3 2 -7 
-15 -44 -45 -50 -10 -6 -9 -11 
-4 -6 -51 -12 -1 -6 -17 -10 
11 -30 50 40 20 14 3 7 
-5 -4 -28 -59 -33 -6 -3 -3 
-30 -62 -30 -11 -20 -27 -18 -18 
17 59 19 0 3 -1 3 10 
-21 -39 -16 -7 -2 -15 -9 -9 
-24 -86 -128 -57 -13 -12 -14 -16 
17 36 42 30 7 8 7 11 
-14 -26 7 -7 -28 -9 -7 -10 
22 88 46 13 24 13 11 13 
-11 -14 46 12 -6 -9 -7 -5 
3 23 37 -4 9 0 -4 0 
-6 5 16 15 5 1 2 0 
14 35 33 59 21 12 3 5 
-12 -2 16 -7 -10 -4 -1 -3 
10 51 55 18 -1 4 6 3 
16 38 5 -14 -13 -2 5 7 
-7 1 -9 -22 -3 0 -2 -8 
-4 -23 41 10 -10 -9 -5 -3 
14 63 30 1 -2 2 -6 -1 
2 8 54 30 21 13 10 7 
7 7 -24 4 7 5 1 4 
10 -1 -79 -35 12 11 9 7 
-7 -6 -38 -14 -17 -15 -9 -3 
15 13 71 82 44 29 24 13 
8 -12 -17 12 6 0 0 4 
12 14 44 23 21 2 -6 5 
-4 1 -52 -36 -11 -5 4 1 
-8 -25 0 -7 -25 -10 -9 -7 
-30 -73 -108 -83 -33 -20 -14 -16 
-6 9 -8 -24 -12 -4 9 0 
-4 -3 -23 4 -15 -8 0 -5 
2 0 16 -19 -13 -9 -9 -1 
4 5 -51 -38 -6 0 0 0 
-13 -65 -29 -11 2 5 -1 -3 
-21 -64 -28 -35 -30 -22 -12 -11 
-6 -13 2 5 1 2 -1 -2 
-31 -66 -74 -57 -19 -12 -13 -19 
4 5 20 15 4 3 5 5 
14 42 34 23 10 1 -4 1 
-8 2 -61 -80 -28 -8 -6 -3 
-6 -40 -44 13 6 4 0 1 
13 32 39 37 13 11 8 8 
8 37 38 26 11 8 13 6 
-4 27 -39 -18 -5 -2 -5 -6 
9 22 1 6 12 6 4 9 
-5 2 -9 -16 -13 -12 -12 -7 
4 24 64 22 -9 -4 -3 -1 
15 51 101 38 12 23 9 7 
0 -4 -1 -7 -12 2 -3 0 
14 35 6 21 13 18 6 10 
-33 -66 -69 -75 -36 -23 -11 -13 
1 -5 18 31 7 -3 1 3 
5 40 34 22 2 -8 -4 -2 
4 35 6 -6 -24 -14 -7 0 
3 14 -5 -16 -12 -6 0 -1 
13 58 59 11 -1 -4 -2 4 
13 25 11 -7 9 -3 2 4 
10 14 43 15 -7 3 1 5 
-5 -2 -33 -22 -6 -2 -2 -3 
-14 -27 -1 -18 -25 -17 -10 -8 
-9 -16 5 -4 -1 0 -2 -5 
8 3 16 22 12 7 1 3 
-9 -18 -30 -17 -9 -8 -2 -4 
-27 -121 -102 -60 -19 -10 -10 -12 
0 6 51 37 15 7 5 2 
3 -17 7 24 12 3 5 5 
-2 30 -13 -17 -14 -11 -10 -7 
20 39 29 44 26 17 13 13 
14 36 -37 -10 10 6 4 8 
7 31 88 55 19 7 7 2 
-4 -21 -31 -30 -12 -5 -3 0 
-4 -23 -37 -19 -4 -1 -2 -2 
-3 -27 -28 -33 -21 0 -3 -4 
-14 -51 -4 -20 -18 -18 -8 -6 
-2 9 13 1 7 8 6 -3 
-26 -65 -60 -32 -16 -17 -14 -15 
2 3 -32 -48 -14 -3 -1 -2 
14 54 76 52 44 23 10 12 
-4 40 20 -17 -6 -6 -4 -4 
-15 -56 -46 -10 -8 -12 -10 -14 
4 9 15 11 -3 0 2 1 
5 29 -19 -18 3 -1 -3 0 
5 6 -40 -40 -19 -11 3 4 
-12 -30 16 2 18 5 4 -3 
-1 -15 -58 -5 10 11 9 7 
-18 -47 -12 17 -13 -14 -9 -12 
-5 26 35 24 0 -12 -6 -7 
20 58 29 26 30 8 1 7 
-2 -28 49 14 -14 1 -9 -7 
15 48 2 28 45 15 7 13 
-37 -27 -71 -82 -59 -43 -24 -19 
-3 27 -35 -9 2 3 -3 -1 
1 24 45 36 20 6 4 4 
-17 -74 10 -18 -18 -10 -7 -8 
-9 -19 -29 -29 -13 -12 -13 -13 
21 32 11 -1 -9 13 12 15 
-20 -41 -96 -64 1 -6 -5 -4 
-43 -104 -43 -7 -34 -30 -28 -46 
14 41 96 67 33 10 12 26 
6 22 74 24 -3 -2 -4 2 
-13 -63 -40 -18 2 0 -16 -14 
4 -53 -74 -7 -2 2 5 11 
8 21 51 13 -10 3 -5 -1 
-7 50 45 -12 -20 -1 11 7 
14 62 -16 -15 3 3 0 11 
-27 -100 -124 -73 -40 -24 -14 -13 
5 7 12 27 18 15 5 4 
-17 -41 -7 -10 -15 8 3 -7 
-3 -25 -67 -64 -13 11 -5 -10 
-8 -32 -71 -25 -13 -3 -35 -16 
39 59 76 45 41 -4 35 48 
14 36 46 8 -14 -32 7 33 
18 79 100 30 -2 33 -3 -11 
5 50 65 51 44 5 7 8 
-14 -50 -128 -78 -23 -5 23 -10 
-33 -69 -78 -21 -8 -1 -7 -40 
20 -4 -20 15 25 -7 11 29 
-16 -2 -17 -18 -15 -15 -46 -30 
-6 -20 78 37 4 11 16 14 
-5 14 43 16 4 4 -3 5 
11 11 9 -4 -16 1 4 -12 
-33 -103 -74 -39 -13 -10 -32 -26 
-2 27 -21 35 62 7 2 8 
1 -26 16 13 7 10 1 10 
2 11 3 10 0 11 -8 -1 
4 12 22 -2 6 4 18 4 
-2 -40 -74 -28 -1 -4 7 0 
-5 -6 25 -8 -2 -3 -9 -4 
-4 -19 -49 -38 -24 0 13 -15 
1 12 -32 -35 -13 -16 -29 -1 
-14 -43 -31 -18 -4 -1 -4 14 
-9 -43 9 17 -13 -15 -8 -14 
13 46 21 6 4 5 -3 17 
-2 10 3 9 0 5 9 -11 
13 15 35 34 10 -2 -8 2 
2 12 5 4 7 16 15 29 
4 9 8 4 -2 -11 -24 -17 
3 28 17 17 15 8 -10 -23 
-21 -43 -34 -18 -11 -9 -6 5 
10 14 25 18 11 5 1 3 
5 6 -1 -7 -3 0 -3 -26 
-4 -7 -10 -10 -6 1 6 3 
2 -1 -2 -1 -4 -1 -9 5 
1 -3 2 -1 -6 -4 5 22 
1 -5 -5 -7 -3 -3 0 6 
-3 -4 -7 -2 -3 -2 6 -1 
-2 -5 -8 -6 -5 -7 -13 4 
-3 -2 -2 -4 -3 0 4 -1 
2 0 0 2 4 3 3 0 
-1 0 -1 -1 -1 -3 0 0 
-2 -2 1 -1 1 -2 -6 5 
-1 -1 0 0 0 2 24 1 
-2 -2 -2 -4 -2 -3 27 12 
-3 -2 -2 -2 -2 2 7 -7 
-2 -1 -1 -2 1 -1 -7 -4 
-1 0 -1 0 0 1 -8 -1 
0 -3 0 1 -2 0 -12 -3 
-2 -1 -2 -2 1 -3 1 0 
-1 -1 -3 -3 -1 1 -1 -2 
-1 0 0 2 -2 -1 2 -2 
-4 -2 -3 -2 -3 -1 -7 -13 
2 0 -1 0 -1 1 0 1 
1 -1 0 -1 1 -1 -3 1 
-2 -2 0 -2 3 -1 3 -3 
0 1 0 -1 2 -1 -1 0 
-3 0 1 -1 -1 -1 -3 0 
0 0 -3 -2 -4 -1 0 1 
0 -1 -2 -2 -6 -1 9 18 
-3 -3 -3 -2 1 0 -1 -1 
-1 0 1 0 -3 0 -2 0 
0 0 0 -2 -4 -1 -8 -6 
-1 1 0 2 -3 0 0 0 
-3 -2 -4 -4 -2 -5 3 -4 
1 1 1 1 -2 0 -2 1 
2 0 0 0 2 -1 -2 2 
1 -2 -2 -1 -1 0 1 -4 
-3 -3 -6 -4 -2 -2 0 1 
-2 -2 -2 0 -3 -1 -5 -5 
1 0 0 0 2 0 2 15 
0 -2 2 2 2 1 3 -5 
-2 1 1 0 1 -2 -14 -1 
-1 0 0 1 -2 -1 -4 1 
-1 1 0 0 0 -1 -1 -1 
52 13 97 107 38 6 4 25 
-25 -11 -17 -46 -10 -8 -7 -19 
-22 17 -6 105 5 0 0 -2 
9 -19 -35 13 43 11 1 4 
-7 29 80 21 7 14 13 9 
4 -33 -77 -53 -24 -17 -15 -15 
-2 1 48 -24 11 8 6 -4 
-29 -17 -32 -65 -39 -9 -8 0 
-23 13 38 127 10 6 9 2 
-30 3 -5 66 -28 -6 -8 -28 
-14 13 33 36 59 4 -1 3 
-20 -11 -43 -23 -4 3 -2 -3 
12 -34 -13 -105 -29 -1 -2 -4 
20 -10 61 -4 6 -3 0 9 
22 52 26 114 11 10 15 20 
-25 -20 -38 97 -2 -15 -5 -3 
27 54 42 12 19 13 7 15 
-2 -22 -49 66 -2 -9 1 3 
11 -25 11 19 -2 1 -5 -4 
-21 10 77 -36 -24 -11 -1 -10 
-7 -31 -98 -60 -33 -25 -9 2 
18 -5 34 23 10 12 6 4 
-24 11 90 70 32 5 0 -7 
-14 -22 -76 -53 -15 -3 -5 -3 
-11 5 40 100 -8 4 2 -3 
-1 -4 -26 -33 37 19 2 -18 
-5 -9 -33 92 -22 -3 -1 -4 
-6 22 73 99 21 11 6 7 
-4 -14 4 50 -7 -13 -10 -10 
16 3 -33 -54 0 7 2 15 
-3 -21 -111 -57 -15 -5 -3 -6 
15 11 -43 -62 -41 -8 0 11 
-41 3 74 -3 6 -4 -5 -11 
4 -11 -39 23 -29 -13 -8 0 
23 -15 -69 -121 -8 3 4 8 
-24 11 -14 -45 -8 -4 -5 -8 
9 -3 -40 -63 -14 -4 -5 -3 
35 5 14 -45 -14 -3 2 6 
5 30 1 44 16 -4 3 8 
5 42 71 6 19 16 12 2 
9 7 12 33 2 -3 -1 6 
-3 -10 -52 -49 0 -3 -3 2 
12 8 55 11 10 13 6 -2 
-1 7 19 71 6 -3 -1 -4 
9 5 30 47 -17 -4 -7 -7 
6 6 11 77 30 11 4 3 
2 -5 -23 -28 -9 -7 -6 2 
9 -9 -44 -35 6 8 3 3 
-14 -3 44 103 -5 -13 -14 -8 
-8 -27 28 116 37 15 12 5 
-1 -1 -48 -52 -38 -16 -9 -4 
-13 14 -36 -69 1 -9 -8 -6 
14 10 37 32 13 13 9 8 
-23 -1 -84 24 0 -5 -4 -11 
-35 -32 -70 -120 -44 -12 -12 -25 
7 -6 8 95 -12 0 3 1 
-39 -23 -13 -47 -5 2 -2 5 
-24 -13 -95 -19 -13 -3 -3 -4 
25 7 127 104 62 29 17 16 
-37 14 93 106 13 -7 -9 -19 
5 -7 -41 -61 -43 -16 -10 -5 
2 9 56 97 19 4 3 5 
-6 -21 -17 82 89 32 12 3 
-6 -6 -80 -112 -13 -3 -1 -5 
0 24 98 121 34 17 9 -2 
14 -3 -37 79 -4 -2 -3 8 
13 -4 -74 -79 -37 -18 -6 -1 
-1 -1 -38 2 27 8 3 3 
-6 13 103 123 -17 -12 -6 4 
24 22 68 8 7 2 4 18 
31 14 94 84 50 9 2 2 
2 6 -29 -91 -58 -16 -4 -4 
-9 -35 -62 -112 -16 -10 -8 3 
4 2 -47 -81 -12 -6 -4 -5 
26 -14 -59 51 7 7 4 2 
3 -8 1 -9 7 -3 -3 -4 
0 27 52 84 44 16 10 10 
-13 -53 -105 44 -7 -17 -13 -15 
-17 -12 -15 68 22 -2 -2 -8 
18 4 -9 -58 -9 3 1 2 
-16 -5 -56 43 38 12 5 1 
5 25 14 1 -42 -7 1 6 
4 41 112 127 61 15 11 11 
-14 1 -19 19 5 1 -3 -7 
6 -22 -91 47 1 -5 -6 -6 
-12 15 53 41 12 17 10 4 
2 -10 -19 12 2 2 -5 0 
3 -6 83 63 9 -3 2 2 
14 -43 -57 -83 -4 0 0 -5 
-46 -37 -77 -128 -45 -22 -19 -18 
-6 -3 -37 -35 2 2 3 5 
16 21 -7 32 -27 -4 0 5 
8 9 19 -77 20 17 11 6 
2 -7 -19 124 10 -7 -7 -4 
0 -8 -91 -121 -20 -6 -1 -2 
26 12 79 97 34 12 6 -3 
-8 -28 -63 127 18 -1 6 -8 
37 31 59 81 17 20 16 14 
-38 -18 -54 -3 1 -12 -10 -8 
-16 -24 -36 -111 -9 -2 5 -1 
0 0 -36 -1 -19 3 2 8 
-5 11 32 62 6 -1 -5 -5 
0 -8 -51 -81 -30 -7 -8 -5 
-7 14 42 -35 7 11 8 5 
4 14 63 -32 4 12 8 7 
4 -5 -60 67 14 -1 -1 8 
23 -8 32 -36 -24 -10 -1 7 
9 -3 -17 -14 -17 -6 -4 -12 
-19 -1 -40 29 0 -2 -5 -11 
-13 7 28 -19 -11 -1 1 -1 
9 2 53 10 3 2 -3 -2 
-12 -6 -50 17 -3 -7 -5 -8 
-18 -9 11 -65 -27 -13 -8 -4 
11 -8 5 26 31 9 3 6 
9 7 11 -82 -20 0 1 4 
-8 -7 41 -43 -8 -2 1 1 
12 12 11 -51 -13 3 -3 8 
-31 9 23 73 3 -7 -6 -17 
38 -6 -16 109 2 -1 0 6 
-26 -2 19 -40 10 4 1 -22 
-7 -5 -97 -90 -56 -21 -13 -2 
0 3 -43 30 24 14 7 2 
-10 3 16 10 -17 -2 -2 1 
-11 15 17 74 7 2 -1 -5 
13 29 22 52 9 6 10 8 
-15 -55 -115 -113 -45 -23 -12 -9 
-12 23 19 1 30 16 9 -1 
-27 -29 -31 5 -24 -15 -9 -20 
11 19 19 77 20 14 1 1 
-14 -18 -28 51 -18 -12 -9 -15 
8 -12 -29 38 4 -1 5 10 
13 5 94 95 46 9 2 6 
0 -14 -21 -121 -45 -17 -8 0 
0 12 9 5 35 6 7 0 
-5 17 83 69 29 7 -2 -10 
-5 -22 -53 -102 -10 -6 -1 -1 
6 -5 19 126 -14 -4 1 8 
2 4 -63 50 7 -2 -5 0 
-8 -8 4 -19 -27 -2 1 -2 
-10 -14 -35 -37 1 -7 -8 -3 
-2 -1 -60 -74 -4 5 5 7 
-1 9 53 -13 24 7 6 5 
-3 -23 -32 87 5 -16 -14 -7 
24 17 75 67 28 10 6 3 
7 -26 -40 -31 -13 -6 -8 -6 
-1 4 -20 1 -15 -2 0 -8 
-15 4 -45 65 9 0 -3 0 
13 4 28 -28 0 5 2 10 
26 -11 -45 72 18 -3 -3 11 
-14 -14 -37 30 6 0 0 -7 
-9 9 8 -128 -70 -17 -7 -4 
8 13 92 42 23 6 6 -3 
11 -23 -23 -44 -17 -15 -13 -9 
-8 -15 -94 48 2 -3 -3 -3 
17 22 -18 -9 29 8 1 -14 
-13 9 60 43 4 -1 -2 3 
-7 7 22 -75 -14 -2 -3 -6 
5 -3 15 113 5 -1 1 9 
1 -21 -90 -96 -43 -12 -8 -3 
3 17 43 72 45 9 3 5 
-23 -10 16 -7 -41 -18 -10 -13 
-10 -13 -33 15 30 8 2 -3 
-36 -16 7 -3 -20 -8 -6 -14 
-14 -16 -35 -100 -36 -9 -3 1 
2 -4 -86 89 -4 -9 -5 4 
23 33 28 -20 34 12 5 11 
7 -1 23 17 -19 1 1 -7 
-3 -2 -3 108 30 -8 -9 -2 
21 19 72 56 -12 -3 0 5 
-11 -10 16 30 6 1 -4 -6 
-3 -9 -11 -4 -14 -2 -3 -4 
28 10 106 1 -12 -13 0 12 
-10 12 -6 -115 -4 -3 -1 4 
-10 1 -27 13 -16 -6 -5 0 
-7 5 39 -85 -45 -11 -5 -3 
11 7 -44 86 23 13 10 9 
-13 -7 -23 17 -3 -3 -3 -7 
-6 1 5 -124 -57 -12 -7 -20 
22 8 -27 120 -9 -9 2 17 
-4 -16 33 18 30 10 4 2 
23 2 -67 -36 -18 -5 -4 9 
-1 -2 1 -16 -9 -1 0 -6 
-7 1 21 -35 -1 -1 -5 -4 
11 0 -1 22 41 16 6 7 
-15 -2 -106 38 -2 -6 -2 -1 
32 10 109 -59 -7 3 1 8 
-13 13 83 -41 11 14 16 17 
1 -14 -23 -98 -52 -14 -11 -11 
22 -6 39 65 13 1 1 4 
-7 2 -45 -119 -24 -6 -1 2 
-23 6 24 111 4 5 4 -7 
5 -18 69 21 -5 -11 -11 -16 
8 0 -69 -42 -18 -12 -12 -14 
-7 -3 9 45 3 3 3 -7 
-61 -30 -14 -68 8 0 -2 -4 
3 21 23 110 60 17 6 11 
6 -4 -13 -23 7 4 2 6 
18 34 5 117 56 22 14 15 
-3 -12 -76 -77 -15 -7 -8 -7 
-13 -2 -34 48 30 10 3 -9 
72 22 -19 95 -4 -1 1 13 
-27 -11 21 60 -16 -3 -2 6 
9 1 -41 66 2 -6 -3 3 
-4 0 12 -73 -72 -18 -9 -11 
-43 3 13 -57 14 10 8 -6 
2 16 15 -122 -18 1 3 1 
46 9 22 -19 -45 -15 -5 -1 
-17 -20 14 -107 0 -12 -8 -4 
-17 18 60 16 10 2 1 -5 
-6 -13 -16 49 30 11 4 4 
8 -7 -29 110 26 11 10 5 
3 10 31 73 -4 6 6 1 
-2 6 87 40 -49 -5 0 -4 
2 -12 29 58 29 -3 -8 -4 
32 8 41 46 -21 -8 -3 4 
-43 2 -62 -108 1 1 0 2 
-7 2 32 -1 -11 -4 -9 2 
-1 -9 -23 -71 -49 -7 -7 -9 
-20 -21 37 -43 1 -3 -6 -10 
-13 14 36 98 17 -6 -3 0 
10 -20 -6 -17 19 7 6 5 
16 21 12 89 46 20 13 13 
13 -8 -38 -32 -39 -16 -7 -2 
-10 -11 23 -18 1 1 0 1 
-7 -12 -8 26 34 9 2 -3 
-7 4 32 115 -25 -17 -13 -12 
7 -2 -9 -78 12 8 7 5 
7 2 -30 -6 5 4 2 1 
7 -11 -47 -64 -27 -9 -2 5 
7 -7 41 -48 20 13 8 -1 
-14 -5 -4 -37 -24 -13 -9 -23 
3 -10 -13 -6 -4 3 3 8 
25 11 77 18 -33 -1 3 10 
-34 -8 16 127 35 -1 -6 -22 
1 12 6 56 -1 -2 2 0 
-19 -33 -90 -96 -20 -11 -6 -2 
14 5 29 20 36 9 4 8 
-27 -23 -13 -17 -13 -14 -10 -11 
28 25 78 127 48 10 2 9 
-15 -5 18 -15 -3 2 0 4 
-8 5 -45 -61 -56 -12 -8 -11 
20 7 9 -19 18 5 1 10 
28 6 26 6 9 3 5 10 
-12 -10 -15 -61 -9 -7 -7 -8 
-32 4 -2 18 -25 -11 -6 0 
9 -22 44 95 33 9 2 -9 
-8 -12 -50 -18 -2 -5 -3 -3 
30 2 -40 84 50 14 7 2 
-3 4 32 100 13 -3 1 -6 
-6 3 -19 -30 16 11 5 4 
-10 -6 -11 -85 -80 -16 -9 -10 
-9 3 -53 -55 18 4 1 1 
15 21 96 91 37 10 5 6 
-14 -3 103 122 22 2 4 7 
4 -9 37 -32 -32 -10 -5 0 
-5 -20 -86 -90 -43 -6 -5 -2 
-10 10 -18 12 -26 -9 -9 -3 
25 21 1 97 34 18 14 13 
27 4 -12 94 46 16 10 2 
-27 -5 45 87 19 3 5 -2 
-17 -12 -71 -92 5 2 0 -9 
0 -5 -3 92 -14 -11 -8 3 
9 2 22 36 5 3 -2 7 
4 6 21 -94 -3 8 4 -9 
-12 -16 -59 -40 -14 0 1 0 
-3 9 53 122 26 -2 -3 1 
-9 -10 -47 -85 5 2 2 0 
38 34 10 72 10 5 1 1 
-2 -14 -43 -1 28 -1 -4 -2 
-5 -9 105 84 -1 -7 -5 -3 
34 21 -13 66 45 10 9 10 
-6 -10 -32 66 -22 -11 -9 -2 
-9 -1 -41 62 -22 -10 -3 -3 
-28 -3 1 34 12 5 3 1 
54 11 24 -66 -10 0 2 16 
10 19 57 -60 10 2 -1 -17 
-21 -3 57 28 0 -2 -2 -10 
-1 -4 -16 -86 -29 -7 -9 -5 
43 -11 -46 0 -29 -13 -10 12 
10 -14 -71 66 -3 7 5 6 
-69 -3 -40 27 9 3 3 -20 
-4 3 66 52 -16 -2 2 1 
-17 1 6 -61 1 -5 -6 -4 
16 3 -15 14 2 -1 -1 2 
3 7 -27 25 27 8 5 2 
6 0 11 23 -4 2 2 -4 
3 -11 2 -83 8 7 3 3 
-3 0 3 -24 -2 -1 -5 -4 
-2 -6 -29 -121 -16 -2 0 0 
-14 -22 -17 11 -18 -8 -6 -3 
16 -10 -39 -36 -14 -3 -1 2 
1 -5 -5 32 9 0 -1 0 
-7 6 14 -2 -2 -1 -4 -4 
0 6 -49 -79 -14 -4 -3 -4 
-6 4 29 37 10 5 4 -2 
9 0 -2 19 4 1 0 4 
-5 0 18 35 4 1 -1 -2 
-25 -4 18 18 -4 -3 -1 -17 
-7 4 6 1 -5 -3 8 11 
-10 1 12 8 3 3 5 5 
10 -1 11 9 -1 0 -3 -2 
5 -4 -3 5 -4 -4 -3 0 
6 1 8 3 1 -1 -3 2 
4 -1 2 7 0 0 -4 -1 
-10 0 -4 -3 -2 1 3 -2 
-1 -2 -9 -4 -2 0 -4 -5 
0 -1 0 2 0 -2 -3 1 
-1 -1 2 0 -1 -3 -1 -2 
3 -4 2 2 -1 -1 1 0 
-5 2 -3 1 0 -2 1 -6 
2 0 1 0 -1 1 0 4 
-1 0 0 0 -2 0 -2 -1 
-1 0 -2 0 0 -1 -3 -2 
-2 1 -1 0 -1 1 0 -1 
-1 -1 -1 -2 0 -2 0 -2 
1 0 -1 1 0 -1 0 -1 
3 -2 -1 -2 -1 -1 -2 0 
3 -1 1 -1 -1 -1 0 0 
-2 1 -1 -1 -1 -1 -3 -1 
1 -1 -1 -2 -2 -2 0 0 
-1 -2 -1 -1 -3 1 0 1 
-1 2 0 0 -1 -1 -2 0 
0 0 -1 0 -1 0 -1 -2 
0 -1 -1 0 0 0 1 -1 
-1 -1 1 -1 -2 -2 0 -1 
-2 -1 -1 2 2 1 -2 1 
-1 1 0 -1 0 -1 -1 0 
0 0 -1 -1 -2 0 -2 1 
0 -1 -1 -1 1 -1 0 -1 
-3 -3 0 0 -1 -1 -2 -1 
1 -1 1 -1 -1 -2 0 -2 
1 -1 0 -1 -2 -1 0 -2 
-2 -1 -1 1 -1 -2 1 -1 
1 -2 -2 -1 -1 -1 0 -2 
1 0 -1 0 -2 0 -3 -1 
-2 0 0 0 -1 -1 0 -3 
-1 -1 -2 -1 0 0 -1 0 
1 0 -1 -1 0 0 1 -1 
-1 -1 -1 0 -2 -1 -1 0 
1 -1 -1 -1 -1 0 -1 0 
0 -1 -1 0 -2 0 -1 0 
-2 -3 -1 -1 0 1 -1 -1 
0 -2 -1 0 0 -1 -2 0 
-1 1 0 -2 -2 -4 0 0 
-1 -1 -2 -2 -1 0 -1 -1 
-2 -1 0 0 -1 0 -1 -2 
-2 0 0 -1 -1 0 -1 -2 
0 0 0 -1 -2 0 -2 -1 
1 -2 -2 -2 -2 -3 -1 -2 
1 0 -1 0 -1 -2 0 -1 
-1 0 -1 0 0 -1 -1 -1 
-2 -2 -1 1 0 0 0 1 
0 -2 -1 -1 -1 -1 -1 -1 
0 -1 -1 -1 -1 -1 0 0 
-2 -2 -1 -1 0 -1 -2 -1 
0 0 -1 -3 0 -2 0 -2 
-2 0 0 -1 -1 -2 -1 -2 
-1 0 -1 0 -1 1 -2 -1 
-1 -1 1 -1 -1 -2 -1 -2 
-1 -1 0 -3 0 1 -2 0 
-1 0 1 1 0 -1 1 -1 
-1 0 -3 -3 -1 -1 -1 -1 
1 0 -1 -2 0 0 0 -2 
-1 1 -1 -1 0 0 0 -2 
0 -1 -3 0 -1 0 -2 1 
1 -1 0 -2 0 -2 -2 -1 
-1 -3 -1 -1 0 -1 -1 0 
-1 -1 -2 -2 -1 -2 0 -2 
-2 -2 1 0 0 0 1 0 
0 -1 -1 0 -2 0 -2 0 
0 -2 0 -2 -1 0 1 -1 
-1 -1 -1 7 -1 0 -2 -1 
-1 0 -2 -1 -1 0 0 -2 
1 0 -2 -4 -2 -1 -1 1 
-1 -1 -1 -1 -1 -2 -1 -1 
-2 -3 0 0 -1 -2 0 -1 
-3 -2 -1 0 -2 -1 0 -1 
0 0 -2 -2 -1 -3 -1 1 
-1 0 -3 1 0 0 0 -1 
-2 0 -2 -2 0 1 -1 0 
0 0 -1 -1 0 -1 -1 0 
5 0 0 1 0 1 0 0 
-2 0 0 -1 -1 -2 0 -1 
-2 -1 -2 -1 -2 -1 -1 -1 
-1 -2 0 -3 0 1 -1 -1 
-1 -1 0 0 -1 -1 -1 -1 
1 1 -1 -2 0 -2 0 -1 
-2 -2 -1 -1 -1 -3 -2 -2 
-4 -1 -1 1 -1 0 -1 -2 
-2 -3 -1 -1 -1 -1 0 0 
-2 -2 0 -2 -1 0 -1 -1 
1 -1 -1 0 -1 -2 -2 -1 
0 -1 0 1 0 0 0 -1 
0 -2 -1 0 -1 -3 -2 0 
0 0 -1 -1 -1 -3 0 -1 
1 0 0 -2 -1 0 -1 0 
0 -2 1 -2 1 -2 -2 -1 
-1 1 -2 0 0 -1 0 1 
-1 1 -1 -2 1 -1 0 -2 
-1 -1 -1 -1 -2 0 0 -3 
-1 -1 -2 0 0 0 -1 -2 
1 -1 0 0 -2 0 1 0 
0 -2 -2 -2 -2 -2 -1 1 
-1 -1 -2 -1 0 0 -1 -1 
-1 -1 0 1 2 2 -1 -2 
-1 -2 -1 -1 -1 -1 0 0 
-1 -2 -2 -2 -1 1 0 1 
-2 1 -1 -1 0 0 1 1 
-2 0 0 0 -1 0 -2 -2 
-1 0 0 -1 -2 -1 -1 -1 
-2 -1 -1 0 -2 -1 -1 0 
0 -2 -1 -1 -1 1 -2 0 
1 0 1 0 -2 -1 0 -1 
0 -1 1 1 -1 0 -3 -1 
-1 0 -2 -1 -3 -2 -1 -1 
-1 -2 -1 -1 0 0 -2 -1 
0 -1 -2 0 0 2 0 -1 
0 -3 -1 -1 -1 1 0 -1 
-2 -1 0 -1 0 -1 -1 0 
-1 1 0 0 -1 -1 -1 -1 
1 -1 -1 -2 -1 -1 0 -2 
1 -1 -1 -2 0 0 0 0 
0 0 -1 0 0 -2 0 -2 
-2 0 -2 -1 -2 -1 -1 -2 
0 -2 0 -1 -1 -2 0 -1 
-1 -1 -1 0 0 -2 -1 -1 
0 -1 1 -1 -1 0 0 0 
0 -2 1 -2 -3 -2 -1 -2 
-2 -2 -2 0 -1 0 -1 -1 
0 1 -1 0 -2 -2 -1 1 
-2 0 0 0 -1 -1 -2 -2 
0 0 -1 0 -1 -1 0 1 
-1 -1 -2 -1 0 0 -1 1 
0 0 0 1 0 0 -2 -2 
-1 -2 -1 0 1 1 -2 -2 
-1 -1 -3 -1 -1 1 -1 0 
0 1 -1 -2 -2 0 0 -1 
0 -1 1 -1 -1 -2 -1 -1 
-1 -1 0 0 0 1 0 0 
-1 -2 0 -1 -2 0 -1 0 
-21 -39 -107 -128 -49 -26 -17 -11 
-6 -9 -5 -43 0 5 3 -4 
6 21 54 100 40 17 11 10 
3 -13 -32 7 9 4 5 6 
11 19 36 39 6 3 -1 -4 
-1 18 5 15 20 5 4 -5 
-2 5 40 86 16 4 2 2 
-3 -3 -21 -69 -32 -12 -7 -3 
-27 -64 -83 -26 -18 -15 -11 -13 
27 48 69 60 39 25 18 16 
-22 -26 0 -58 -34 -20 -15 -11 
3 28 13 35 -3 1 1 -2 
16 -11 6 -21 1 1 0 5 
15 15 -21 -31 7 7 7 7 
-20 -65 -71 28 -10 -8 -8 -5 
2 -10 -28 16 8 6 4 1 
-10 -12 -6 0 1 -3 -2 -6 
-2 -20 -28 -50 -13 -3 0 -3 
-12 -19 -58 -68 -24 -16 -16 -15 
9 27 14 -21 -10 -8 -3 -3 
-9 -41 -60 -15 9 6 5 -1 
4 15 37 14 -5 -3 0 3 
20 43 74 74 24 12 10 9 
-10 -19 -38 -36 -7 -1 -4 -4 
4 23 10 2 -10 -10 -10 -1 
4 -25 -52 10 2 0 -1 3 
-26 -30 -54 -106 -43 -19 -12 -22 
-36 -58 -75 -54 -29 -20 -20 -29 
3 26 50 -5 13 7 10 7 
-7 -22 -16 31 -7 -10 -9 -5 
9 -6 -18 -16 -12 -7 -5 1 
5 14 -5 -3 -4 -1 -1 -11 
1 23 62 16 9 3 4 8 
11 27 62 57 8 1 3 12 
1 28 14 25 13 12 5 4 
-5 -3 -13 3 -1 -3 -3 -6 
-7 -34 -36 -30 -9 -5 -2 -1 
9 16 -22 -42 -14 -3 2 2 
-8 -6 9 33 9 0 -1 -3 
-14 -23 -11 -16 -11 -9 -10 -7 
-19 -64 -50 0 2 0 0 -5 
-14 -8 -1 -60 -24 -12 -11 -13 
-7 -5 -16 -6 -5 -2 -1 -6 
4 -6 5 13 2 -1 -1 1 
-3 -28 16 -14 -11 -5 -4 3 
15 26 36 14 7 2 2 1 
-4 -5 -3 -5 -1 -2 -1 -2 
3 4 -1 32 5 4 5 0 
10 56 57 72 20 8 4 5 
3 17 20 -28 -13 -6 -2 1 
12 16 2 25 15 6 5 0 
5 -15 -32 -30 -10 -4 -2 2 
5 -24 -37 -12 11 8 5 -1 
8 20 57 55 20 12 7 8 
8 55 93 54 14 5 4 7 
-9 -6 -33 -41 -12 -5 -3 -2 
-2 -14 -33 -12 -3 -3 -3 -1 
-12 -31 -49 -18 -6 -9 -8 -5 
-11 -21 -40 -48 -19 -10 -8 -6 
13 25 29 12 -3 -5 -2 1 
-12 -29 -10 6 4 4 4 -3 
-11 1 -25 -26 -20 -13 -9 -7 
10 3 23 46 14 6 6 7 
8 22 28 -17 0 0 4 3 
6 26 75 76 34 17 10 5 
6 10 8 11 4 1 -1 5 
-14 -20 -57 -52 -19 -11 -10 -15 
-19 -13 -27 -24 -6 -3 -4 -10 
-3 14 -19 -47 -18 -6 -4 -4 
-1 25 16 -3 1 1 -1 6 
-3 -12 -21 -37 -4 1 1 4 
20 45 41 20 4 0 0 2 
-4 -1 -9 6 -2 -4 -5 -16 
8 -27 -8 -8 1 3 2 3 
-4 27 5 23 -2 1 2 2 
4 -1 11 0 4 3 6 9 
-6 -22 12 39 14 6 0 -5 
6 -5 -5 -21 -11 -9 -10 0 
-37 -44 -113 -89 -40 -23 -14 -18 
-6 31 40 34 4 0 -2 -2 
-3 -6 -5 -4 0 2 3 16 
-13 -39 -52 -15 -23 -16 -13 -11 
5 20 38 55 31 20 14 1 
-7 19 43 10 3 2 2 8 
-1 -23 -8 -8 -3 -1 -4 -4 
-20 -42 -39 -47 -22 -17 -13 -15 
31 45 65 28 17 13 11 18 
17 12 26 45 16 8 7 9 
0 -5 -34 10 3 -1 1 5 
-5 -12 -12 13 -2 0 -3 -6 
-24 -67 -97 -13 -14 -12 -8 -7 
-3 -13 -17 -20 -8 -6 -8 -5 
6 15 31 65 28 12 9 6 
27 29 34 -11 10 9 9 17 
-3 5 -8 -33 -17 -9 -7 -12 
4 21 39 43 19 8 8 -5 
45 66 79 51 16 12 14 25 
6 -24 4 42 10 3 7 -2 
-4 -21 -30 -27 -21 -13 -8 -8 
-8 4 50 35 11 4 2 3 
-23 -40 -54 -31 -10 -5 -9 -8 
8 8 19 6 -1 0 2 5 
2 10 -40 -19 -9 -7 -6 0 
16 20 38 68 26 13 10 9 
-24 16 -31 -35 -12 -5 -7 -14 
4 4 -22 18 -2 -3 -2 1 
13 19 -2 -4 1 0 0 2 
-42 -47 -54 -35 -12 -7 -8 -9 
3 16 -3 15 7 1 1 -2 
-7 47 35 4 -2 -1 0 3 
-3 -1 4 2 -1 1 -1 -1 
-2 -45 -71 -9 -2 -3 -1 -4 
-33 -8 12 8 -8 -6 -6 -8 
4 50 29 31 29 18 11 4 
-9 -44 -43 -44 -22 -14 -9 -4 
2 -4 -17 -3 2 1 3 -3 
5 6 13 -27 -10 -5 -1 2 
8 -39 -18 2 -5 1 -3 -2 
-24 -21 -21 -9 -4 -5 -4 -5 
-12 -23 -22 -30 -34 -23 -17 -10 
11 23 32 45 30 17 12 8 
9 -20 19 6 1 -1 -1 4 
10 -34 -7 27 3 1 -1 -1 
-1 1 -5 -1 1 -3 0 -2 
13 -2 23 44 8 1 -1 4 
11 10 2 -20 2 6 5 5 
-6 -2 -1 -31 -14 -10 -9 -9 
-12 19 -30 -28 -8 -6 -2 2 
1 -17 13 28 14 6 5 -12 
6 -4 35 39 15 10 4 1 
9 -21 -44 -13 -6 -1 -2 7 
-14 9 42 5 -6 -4 -6 -7 
15 32 21 -17 9 9 10 21 
-4 -13 4 8 -5 -4 -7 -7 
17 27 71 45 12 7 6 5 
4 28 26 -14 -2 -1 1 0 
-2 32 -5 -30 -6 -3 -5 -5 
10 25 28 22 6 4 5 8 
-6 -6 -48 -16 -6 -3 -2 -3 
0 17 -12 -30 -19 -9 -6 -6 
-22 -13 17 10 -2 -4 -1 -11 
1 -17 -32 -15 -6 -6 -4 -6 
1 -6 13 2 2 3 3 2 
-13 -35 -61 -51 -24 -14 -9 -8 
-1 -18 -20 -22 -10 -7 -3 -5 
1 -12 -23 -8 6 3 3 0 
20 26 67 38 21 16 13 12 
8 22 36 23 15 9 9 5 
-12 -9 -28 -16 -18 -12 -11 -9 
-5 21 47 41 18 8 5 7 
-12 -21 -25 -2 0 -2 -4 -12 
2 -9 5 -9 -15 -12 -11 -18 
4 21 -3 27 11 5 4 9 
-1 23 -6 -18 6 6 4 2 
-7 -38 -56 -22 -10 -7 -6 -2 
-3 20 9 4 8 6 2 5 
12 24 24 18 10 7 6 5 
1 11 -12 -12 -7 -3 -2 0 
7 6 4 11 4 0 0 1 
18 29 54 34 19 9 7 5 
-13 -16 1 -6 -9 -6 -4 -7 
-2 5 18 24 6 4 5 5 
3 -34 -28 -52 -28 -18 -12 -5 
-4 -16 -37 -13 0 -3 -2 -4 
7 28 4 -12 1 0 -2 5 
-1 9 -31 -48 -6 -2 1 -3 
1 11 -34 -4 1 1 -1 0 
-10 1 14 -10 -3 -2 -2 -6 
2 -5 -2 -9 -5 -3 -3 1 
9 4 7 26 10 5 5 5 
-10 -43 2 1 -13 -8 -8 -6 
-14 31 20 -19 -5 -1 3 3 
-8 -24 -34 -5 -2 -2 -3 -2 
18 23 36 10 2 -1 2 7 
-5 0 -7 5 1 1 1 0 
-8 -36 -2 -30 -19 -11 -8 -7 
-13 0 48 14 3 -1 -4 -3 
2 -7 10 9 -2 -4 -6 -5 
-16 18 9 -27 -5 -2 -2 -1 
15 24 21 37 17 10 7 5 
7 0 6 -3 0 1 -2 -3 
4 15 10 -6 -1 0 4 0 
5 18 -24 -18 -5 0 1 2 
-3 1 1 18 1 -1 -3 -4 
8 6 24 25 7 2 3 3 
-8 -4 7 -15 -4 -3 -5 -5 
3 14 -1 10 9 7 1 3 
-10 8 15 -14 -14 -8 -2 -4 
16 -17 -17 -18 -8 -4 -5 -3 
-14 10 -20 -23 -18 -11 -6 -2 
9 40 18 7 12 7 2 4 
-2 -18 -53 -4 -2 -3 -5 -4 
-1 -41 -60 5 -2 -3 -2 0 
6 -16 13 -3 2 2 3 4 
-20 1 -43 -36 -18 -9 -6 -7 
8 2 13 32 4 0 0 4 
-5 20 18 -63 -13 -4 -1 -2 
-16 10 28 28 6 0 0 -5 
10 -22 -27 -16 -8 -5 -5 0 
3 6 -3 -2 4 4 3 0 
-6 0 -7 -29 -11 -2 0 -6 
2 13 -1 26 12 5 4 1 
-3 -9 -28 -19 -9 -5 -3 -2 
-15 -14 -47 -44 -12 -7 -6 -8 
-9 -12 1 32 13 3 1 -4 
-3 -3 47 53 12 7 3 0 
4 -24 14 10 0 -2 0 -1 
-5 -2 -13 -26 -11 -9 -7 -4 
-6 15 5 0 2 1 3 5 
-8 3 37 28 6 1 0 0 
6 13 33 37 6 4 2 1 
1 0 -6 -2 2 -1 -1 -7 
0 -23 -2 6 -4 -4 -3 -1 
17 35 23 24 8 2 -2 4 
3 9 7 -16 -6 -1 0 2 
-1 -2 28 20 7 3 0 -2 
-5 11 -1 -51 -7 -2 -2 -6 
-11 -11 -55 -38 -26 -13 -7 -8 
1 27 -17 -37 -8 -3 -1 0 
1 9 -12 -22 0 1 3 2 
-10 -48 -31 3 -2 -3 -1 -4 
6 -11 4 11 13 7 7 3 
-6 -2 -4 -18 -10 -6 -7 -5 
-7 -2 18 -11 -3 -1 -1 0 
-1 0 3 5 -1 0 0 -5 
-5 -34 -29 1 -1 -1 -1 -2 
10 0 13 6 2 2 -1 -3 
18 34 77 56 22 13 10 13 
-30 -20 -35 -36 -19 -12 -8 -5 
6 -50 -17 12 -6 -4 -4 -4 
11 14 7 31 20 9 6 6 
-6 -20 -30 -55 -18 -11 -7 -5 
-3 -26 -30 -13 -10 -5 -2 -2 
22 30 42 15 11 7 8 8 
-3 -15 -38 -18 -5 -2 -2 -4 
-8 -8 -13 -16 -18 -12 -8 -4 
19 -13 13 0 6 3 2 3 
-10 -13 0 -23 -8 -5 -3 -5 
-5 14 18 22 1 -1 0 5 
-6 19 -6 -9 -5 -5 -3 -4 
-3 4 -11 4 -6 -5 -5 -3 
-2 11 14 -7 -14 -12 -12 -6 
0 -12 1 -3 0 1 0 1 
11 33 13 52 18 6 6 4 
-4 1 9 0 1 2 3 2 
5 27 33 12 2 -1 2 1 
-7 10 17 -8 2 1 2 -1 
-24 -4 14 2 -4 -1 -2 -4 
8 6 22 9 -2 -1 -1 1 
12 38 51 55 17 11 7 7 
9 24 30 24 -1 -1 0 -3 
-18 -28 -30 -21 -8 -3 -1 -5 
-18 -17 24 25 9 2 3 0 
3 -4 -7 -41 -11 -6 -3 -4 
-10 2 11 12 10 4 2 -2 
-7 42 30 19 -4 -5 -4 -1 
-13 -12 13 19 7 1 -2 -6 
-12 -29 -43 -21 -2 -1 -1 -2 
6 5 26 -5 1 -1 -2 1 
-5 -14 -35 -33 -7 -4 -5 -5 
4 -8 -20 1 7 5 1 1 
6 9 29 22 10 6 6 4 
-5 -19 -32 -11 -11 -8 -6 -4 
15 31 -28 -33 -8 -1 1 3 
-10 -17 -35 -45 -12 -3 -3 -6 
10 -7 9 9 -3 -5 -3 2 
2 -14 90 53 10 2 4 2 
1 15 29 41 4 2 1 0 
-4 -5 -21 3 3 3 0 -1 
4 25 9 16 8 4 3 4 
-10 -18 -40 -49 -10 -4 -4 -5 
-10 -49 -33 -4 -5 -4 -3 -5 
-22 3 -38 3 4 -1 -1 -6 
0 -7 -8 -14 -3 -1 1 2 
21 19 13 22 6 3 1 5 
-17 -42 -67 -23 -11 -9 -7 -10 
12 19 8 28 11 4 2 4 
-9 -45 -44 2 -5 -3 -3 -3 
-14 -13 1 -1 -4 -3 -3 -2 
-2 3 -13 -17 -1 -1 0 2 
0 -17 -14 -13 -8 -4 -1 -6 
-18 5 8 -45 -15 -7 -7 -5 
1 -6 37 17 0 -2 -1 -1 
-2 -8 -4 -3 0 1 2 -1 
6 10 26 5 4 4 5 2 
7 10 12 25 5 2 1 4 
-2 16 10 14 3 1 -1 -3 
-7 -6 -19 -34 -7 -5 -1 -9 
8 -22 -16 -42 0 0 1 0 
-1 11 26 34 3 0 -3 1 
-1 -8 -13 2 3 3 2 -1 
0 -7 14 5 7 4 3 5 
-14 -13 -18 -12 -7 -5 -2 -3 
-7 -21 -40 -13 -12 -7 -6 -6 
3 15 18 3 2 -2 -3 -1 
-4 -9 -16 -33 -10 -5 0 -1 
-8 -39 -34 -23 -8 -2 -6 -10 
0 6 6 6 -1 -2 0 4 
-4 8 -7 14 8 3 3 0 
9 16 -2 -9 -10 -8 -6 -1 
-15 -52 -37 -40 -16 -13 -10 -11 
1 -1 1 -3 -2 1 1 1 
-2 11 -18 -24 -9 -5 -2 1 
-4 6 0 -9 -5 -2 -4 -1 
-6 5 5 -12 -10 -8 -5 -5 
10 21 23 -11 2 3 4 6 
8 22 38 38 14 5 4 3 
1 12 7 -3 0 0 0 0 
-1 -21 -29 -8 -4 -2 -1 -2 
-1 1 -27 -26 -12 -7 -2 1 
6 4 13 31 12 8 5 4 
0 9 -7 -12 -5 -4 -4 -1 
2 11 3 -8 -1 2 1 2 
3 3 6 -3 -3 -2 -1 1 
5 10 8 19 10 4 3 2 
-1 8 47 37 12 6 1 -1 
7 -3 7 20 5 4 4 3 
-1 18 19 10 0 -3 -3 -3 
-17 -20 -47 -38 -11 -7 -6 -8 
3 7 25 29 1 0 -1 0 
12 16 37 32 12 7 8 6 
7 8 12 17 3 2 0 3 
1 -19 29 26 4 1 0 0 
-17 5 -17 -33 -13 -6 -3 -3 
18 -7 -4 13 8 5 4 6 
-1 -4 -35 -31 -7 -4 -4 -3 
-11 -1 17 -9 -4 -1 -3 -2 
-4 -4 -18 -22 -10 -4 -1 0 
-9 -20 -39 -74 -22 -13 -9 -11 
-5 0 -12 -7 -3 -1 -2 -2 
-11 -40 -46 0 3 0 -2 -7 
9 17 20 23 7 3 1 2 
0 -10 13 19 5 1 3 3 
-11 -37 -32 -6 -5 -4 -5 -5 
7 15 35 14 9 7 6 5 
-6 -4 23 31 1 -3 -4 -4 
9 20 21 34 9 3 2 3 
-2 1 12 9 -2 -1 1 2 
0 0 6 -25 -11 -5 -5 -3 
4 15 5 -10 -4 0 1 3 
14 19 19 16 13 9 9 7 
-5 7 30 -5 -6 -4 -4 -2 
5 8 0 -29 -1 -1 1 -1 
-5 -19 -16 -19 -7 -3 -2 -3 
0 -1 11 -5 5 5 2 -2 
2 11 18 36 9 3 -1 2 
-20 -17 7 0 -8 -7 -4 -10 
-16 4 3 22 -2 -3 -2 -7 
5 13 13 12 -3 -2 -4 -1 
15 4 31 19 -2 -3 -3 3 
-9 7 -36 -9 -4 -3 -2 -5 
-9 -30 1 3 -1 0 -5 -16 
7 8 12 -10 5 6 5 5 
-9 -12 -10 -9 -3 -2 -3 -2 
-4 -29 -32 -4 -8 -6 -4 0 
4 -3 -1 -15 -9 -4 -4 -2 
-16 -21 -1 -17 -15 -10 -9 -6 
-7 -15 -42 -6 -4 -3 0 -3 
18 25 14 10 5 5 2 6 
-14 -19 -11 -21 -9 -8 -5 -3 
-18 -44 -46 -30 -9 -5 -4 -9 
13 32 28 19 9 2 3 -5 
-2 -7 -8 -13 1 0 0 3 
-2 16 28 -6 -6 -3 2 1 
-7 5 27 30 3 -2 -2 0 
3 9 -8 4 10 7 6 -6 
-3 -12 -44 -32 -11 -4 -4 -3 
-4 -8 6 3 0 -1 -2 -2 
-10 -7 -2 15 -7 -5 -3 0 
8 1 -2 -25 -5 -3 0 6 
4 19 55 19 6 4 3 1 
-10 -19 -14 -2 -7 -5 -4 -2 
7 22 27 -1 1 3 2 6 
3 3 10 12 2 1 0 -3 
-9 -13 -40 -44 -11 -5 -2 2 
6 4 7 4 -4 -2 -1 2 
-1 17 -9 -6 15 9 4 3 
-6 -14 -12 17 0 -3 -2 -7 
5 0 28 -7 -11 -6 -6 -1 
-4 -6 -15 -35 -12 -6 -7 -6 
-10 2 3 8 -4 -3 -2 -2 
-15 -25 -20 -36 -28 -15 -10 -11 
22 18 6 13 7 6 3 11 
6 0 13 2 -2 -1 -1 -5 
1 -3 3 20 14 6 4 4 
-10 -4 33 9 6 5 1 -6 
-12 -27 -31 -7 -8 -9 -7 -11 
9 11 16 9 2 0 0 7 
10 18 31 24 9 1 3 0 
1 1 -20 -12 -5 0 2 2 
9 16 -8 -18 -8 -3 -4 -7 
-7 -9 -16 -9 -4 -3 1 3 
-3 10 47 37 16 9 6 4 
-4 -20 -53 -15 8 4 4 2 
11 -1 -16 9 1 -2 2 5 
-11 0 1 6 6 4 4 -2 
4 -59 -9 4 2 0 -4 -6 
-1 11 5 -5 -3 -1 -1 3 
4 16 -1 -15 -7 -2 0 -2 
-5 9 -4 5 2 1 0 1 
-4 6 -12 -20 -13 -7 -4 -1 
-12 -10 -24 -38 -10 -7 -7 -5 
1 11 4 3 -1 0 -3 1 
0 -6 7 22 6 1 1 2 
-18 -8 -21 -9 -7 -2 0 -5 
-6 24 -1 -30 -11 -8 -7 -7 
-1 3 15 19 5 2 3 0 
0 3 4 9 5 1 1 -2 
1 -5 0 6 1 1 0 2 
6 5 5 4 2 1 0 2 
-2 -3 -4 5 2 -1 -2 -4 
-1 3 -7 -4 -1 -1 -1 -1 
0 -8 4 9 2 2 1 0 
0 -13 -12 0 -2 -1 -1 0 
-2 1 10 9 3 2 1 0 
-2 -3 -4 -6 -4 -5 -2 0 
-1 -12 -9 -1 -2 -1 -2 -1 
1 6 4 -4 -2 0 -1 1 
-3 -2 -3 -4 -1 -4 -2 -2 
-1 -4 -4 -1 -1 1 0 -1 
2 -3 0 3 0 3 2 0 
0 2 5 5 0 0 -2 -2 
0 1 -1 0 -2 -2 -1 -2 
-1 4 2 -1 0 -1 0 1 
3 1 -2 -2 -1 -2 -1 -1 
0 -5 -9 -3 -6 -3 -4 -1 
-1 -2 -1 -2 -3 -1 -2 -1 
-2 -6 -1 3 1 -2 -1 -1 
-1 -2 -3 -3 -3 -1 -1 -3 
1 1 0 -3 1 2 -2 -1 
1 -3 -7 -2 -1 0 -1 3 
-2 2 1 -1 -2 -2 0 -1 
-3 3 2 1 -1 0 0 0 
-3 0 1 -1 0 -1 0 -1 
2 4 6 0 0 1 1 0 
0 0 -1 0 -1 -1 -1 -1 
1 -10 -11 -4 -5 -3 -2 0 
-1 -2 -3 -3 0 -1 -2 0 
3 6 0 -3 -3 -1 0 1 
-2 -2 -8 -5 -2 -3 -2 -1 