0 1 3 -2 0 1 -3 0 
0 -2 -2 -2 0 1 0 1 
-2 -5 -3 5 0 0 0 -1 
2 3 -2 9 3 2 0 2 
0 1 4 0 -2 0 0 -1 
0 0 6 2 0 -1 -2 0 
-1 0 -8 -4 0 0 0 -1 
1 -2 1 -2 -1 -1 0 1 
0 -2 -4 0 -2 -2 -2 -1 
0 1 9 -6 -1 -3 -1 -1 
-1 0 -6 -4 2 -1 -1 -1 
1 0 5 0 -1 -1 0 -1 
-1 0 3 3 0 -1 0 -1 
-1 3 1 -2 0 1 0 -1 
0 -1 -8 -3 1 1 0 0 
0 -3 3 -4 0 -1 -2 0 
-2 -2 3 1 1 0 1 0 
1 1 -14 -6 -1 -1 1 0 
2 4 8 -2 -2 -1 -2 1 
-1 0 -6 3 0 0 -1 1 
-1 -4 1 -6 -3 1 -1 -2 
-1 -1 -3 0 -2 -1 2 -1 
-1 0 3 -2 0 -3 -2 1 
-1 -1 2 -7 1 1 -1 0 
0 3 -8 3 1 1 1 -1 
0 -2 -4 1 -1 0 0 -1 
-2 2 -1 2 2 1 0 0 
-2 -1 0 0 -2 -2 0 0 
0 0 3 5 -1 -3 -2 -2 
1 -1 1 -4 2 -1 0 0 
-2 -2 2 0 1 -1 -2 2 
-1 -2 11 -2 -3 -3 -1 -1 
-1 -4 -15 -1 -2 -1 1 -1 
-1 0 -2 -2 1 -1 -2 -2 
-1 1 8 4 -2 -1 -2 -2 
0 5 8 2 0 -1 1 2 
-1 -1 -11 -4 0 0 0 1 
-2 -4 -2 -1 -2 -1 -2 -3 
2 1 3 2 1 -1 1 0 
-2 -3 0 -1 -3 -2 -1 -1 
-2 -4 5 0 -1 -1 -1 -1 
-1 -4 3 -1 -2 0 -2 -2 
-1 0 -4 -2 -1 0 0 0 
0 -4 -2 0 -1 -2 -1 0 
-1 -1 1 -7 -2 -3 -1 -1 
0 -6 1 -2 -1 0 -2 0 
1 2 -1 -1 1 1 0 0 
-2 -1 -9 -1 0 -1 -1 -2 
-2 -2 1 -1 -2 -2 -2 -1 
1 -1 -2 -1 0 1 0 0 
-1 -2 -1 0 -2 0 -1 1 
-1 -1 8 0 -2 0 0 1 
1 2 -2 -2 0 -1 0 -1 
-3 -4 -11 -2 -2 -4 -3 -3 
1 -1 -4 -4 2 1 1 1 
-1 1 1 -3 -2 -2 -2 -1 
0 1 8 0 -2 -1 -1 0 
0 0 4 4 3 0 -1 -1 
0 1 0 0 -1 1 -1 1 
-2 -3 4 1 -2 -2 -2 -4 
1 3 5 1 -2 -1 -1 0 
-3 -3 -6 -2 -2 -1 -2 0 
-1 1 0 -1 -1 -1 -1 -2 
-2 -2 -1 0 0 -2 0 0 
0 2 -2 3 -2 -2 1 -1 
-1 0 -3 -5 -1 -2 -2 -2 
2 2 -2 -1 2 2 0 -1 
0 0 -2 6 2 -1 0 0 
-1 -1 -1 -1 0 -1 -2 -1 
-1 1 1 -5 -3 -1 0 -1 
-2 0 -5 -2 0 2 0 0 
-3 -1 -2 6 0 1 0 0 
0 -3 -4 -1 0 -1 1 1 
0 0 -6 -2 -1 0 1 -2 
1 -3 9 -2 -2 -2 -2 -1 
-2 -2 -2 2 -1 -1 0 -2 
-3 -6 -14 -5 -2 -1 -1 -1 
-2 -1 0 -3 -1 0 -2 0 
1 0 6 4 2 1 -1 0 
1 2 3 3 0 1 -1 -1 
-1 1 -2 2 0 0 0 0 
0 0 4 -2 1 0 0 -3 
0 1 6 -1 0 -3 -1 -1 
0 -2 -23 -13 -3 -1 -1 -1 
-1 1 -2 5 1 2 1 1 
-4 -5 -13 -3 -1 -2 -1 -2 
0 -3 -2 -3 -2 0 -2 0 
-3 -3 2 -4 -5 -3 -1 -1 
-3 -7 -8 0 -2 -1 -1 -1 
0 4 5 -3 -1 -1 1 -2 
1 2 1 0 0 0 -1 0 
0 -2 6 2 -1 -1 0 -2 
1 -1 6 -2 1 0 -1 -1 
-3 -4 -5 1 -2 -2 -3 -2 
-1 0 5 1 0 0 1 -1 
-3 -4 -9 -2 0 1 -1 1 
0 -1 -3 0 -1 0 0 -2 
1 -1 1 2 -1 -1 0 -1 
-1 3 7 -2 -1 0 -1 -1 
-1 -2 2 2 1 -2 2 1 
0 3 -9 -7 -4 -2 -1 -1 
-6 -9 -2 -8 -7 -5 -4 -4 
0 1 20 6 2 -1 -2 2 
0 4 2 3 3 2 1 2 
1 1 2 33 7 1 3 -1 
2 10 7 12 -1 0 31 14 
-20 -5 17 0 -2 0 19 -19 
-10 -4 16 6 8 4 -31 -10 
-12 11 -1 -12 -8 -15 -75 -21 
-20 -19 -30 -5 -4 -2 18 10 
10 15 11 11 2 0 -8 -6 
14 -7 -31 1 3 5 10 3 
14 -2 15 4 -3 -5 17 -17 
-2 15 14 8 -1 -9 -31 -30 
13 34 38 2 -6 -5 -44 23 
15 -16 14 13 3 8 -9 -5 
8 47 21 -5 -3 -28 20 -15 
-12 38 -55 -33 -14 -10 -14 31 
0 47 6 12 5 -9 47 -18 
8 -17 -17 -13 -5 -14 -15 41 
-9 -21 0 -26 -13 -15 85 -10 
-40 17 24 6 -7 -4 -55 2 
-36 -77 -16 3 19 30 15 -1 
51 83 55 8 -15 -22 -107 -60 
7 27 34 9 14 56 -5 23 
37 4 32 4 3 -19 6 45 
23 13 -72 -11 2 42 -12 -14 
-85 -41 -28 -12 -15 -18 -67 -32 
-26 -15 -20 -7 -12 -91 28 13 
-52 -46 -32 -28 -22 48 79 -23 
-19 -54 11 -6 -10 -68 -96 -53 
7 -4 23 0 5 68 53 19 
-11 -40 -47 -11 -3 14 -56 -38 
61 30 9 4 5 35 46 3 
-41 75 22 12 -2 10 41 -44 
16 5 -4 -7 -8 -17 14 17 
23 3 -44 -14 2 22 -75 -6 
9 -11 18 -2 4 21 -48 10 
35 10 61 15 -3 -20 -95 -20 
-42 -25 -6 3 -4 -51 -50 26 
-11 -43 -27 -6 4 23 62 -13 
39 10 -29 18 3 -11 -24 -16 
41 24 58 11 6 24 -42 52 
15 21 45 31 1 -47 -83 32 
56 34 47 -1 -5 32 97 32 
2 16 16 -1 12 56 38 -7 
-1 -26 -84 -30 -4 6 -28 32 
-21 19 53 15 1 2 -21 -46 
-18 11 35 1 -2 4 55 -65 
-24 3 28 2 -4 17 18 53 
-7 36 21 7 4 17 34 -15 
3 -14 34 4 -2 7 -2 -31 
-4 17 20 8 7 25 13 -2 
5 16 36 -5 -11 -36 49 -4 
-5 5 -18 0 2 22 76 55 
-20 32 66 23 11 -31 -23 -64 
-59 6 -7 6 3 -25 -103 -72 
-15 31 21 8 3 26 45 -29 
-27 -38 -9 8 7 4 42 -11 
-2 -12 -24 -8 -6 -19 66 2 
10 -41 -17 -6 6 12 -98 22 
19 -2 -41 -9 -2 -46 -3 1 
0 70 -1 4 12 84 -18 -39 
21 -15 -3 3 3 15 -43 67 
-30 -34 -8 -8 -5 64 77 -80 
23 15 3 0 -5 -61 -26 34 
8 -8 -16 -10 -6 -61 -29 25 
7 -11 -5 2 -3 -31 30 -46 
-50 -13 8 0 -9 -33 -66 -6 
-38 -24 -3 -3 -2 0 0 -15 
30 -27 -57 -20 -6 11 -36 45 
45 -12 21 5 5 70 109 88 
48 23 13 -14 2 -30 -81 -4 
-13 -52 -55 -14 -10 -21 14 -2 
-53 -9 -36 6 -4 -47 4 -14 
52 7 42 14 12 88 -25 66 
39 19 52 6 -6 -41 51 31 
-31 -34 36 4 -12 -48 105 -48 
-30 25 -12 0 7 32 75 -14 
-40 -65 -60 -4 -12 -29 -50 -34 
-15 27 9 2 -5 -8 87 -4 
-16 -8 -3 -4 -8 -18 -4 15 
14 6 -3 -10 -5 -68 -15 76 
27 10 36 9 2 -32 38 23 
12 -4 8 7 11 -7 -38 -9 
19 0 -30 -7 1 3 -56 -26 
16 -12 -16 -14 -8 -3 -30 -17 
-26 18 82 18 9 38 -58 -35 
-27 18 3 6 -5 35 80 -30 
-10 -31 -8 -4 3 19 -7 -22 
-30 -35 -13 -8 -2 -11 -10 -23 
11 -7 -11 -15 -15 1 60 -1 
-5 -12 -28 -5 5 9 -45 -66 
-2 27 54 17 7 21 16 -19 
-41 -10 -41 -7 1 -2 -7 4 
-28 -19 -7 2 14 36 -43 0 
-2 19 3 1 -1 -1 -2 -15 
17 -6 -27 -7 -9 -9 -23 -17 
40 15 19 1 0 2 47 51 
18 20 8 4 5 -13 -5 13 
17 5 17 4 -2 -5 87 -38 
-52 -19 8 -1 -2 23 7 26 
42 15 20 11 -1 -23 -16 27 
13 -20 1 -2 -2 -9 20 -11 
-41 -28 -24 -15 -14 -22 -70 -3 
14 -18 -36 -11 -5 -5 12 -14 
-21 -8 17 3 4 6 -66 -12 
16 -2 11 9 11 38 -12 39 
-26 -24 -10 -11 -7 -22 56 22 
30 26 21 8 3 38 26 17 
-26 -52 -55 -12 -4 -4 0 -32 
19 10 38 10 8 -6 -77 31 
-2 37 60 18 8 -7 -69 -22 
6 -3 -14 0 1 -10 -95 -23 
-65 -58 -21 -3 -5 7 -11 -30 
0 -6 1 1 -3 -20 -35 -19 
12 37 21 -2 -4 -30 -42 -7 
12 5 -45 -5 8 17 -67 34 
-10 10 11 -11 -3 13 -39 6 
0 -2 -5 0 -2 -12 33 41 
36 -9 -4 0 -3 -7 23 23 
87 9 0 3 -3 -2 114 54 
-23 -7 -3 5 5 13 5 -21 
-4 -6 6 1 3 -20 18 -68 
12 -20 -10 -1 0 9 31 24 
-31 3 10 2 1 7 100 -14 
61 25 19 4 0 39 -21 -3 
-6 3 -2 1 1 3 66 14 
15 2 -18 -3 -3 -17 -10 10 
-6 19 32 4 1 29 -38 -9 
3 13 5 -1 -2 -21 -2 -33 
-30 -8 -30 -7 -4 -20 -12 -12 
-26 -29 -35 -2 6 48 15 -82 
-1 -10 -16 -4 -3 -26 -27 14 
-33 10 40 13 4 44 32 5 
1 -2 -4 -4 1 -19 -26 26 
-28 0 19 1 -5 0 -67 -50 
13 15 13 -4 -4 7 26 26 
-12 0 -12 -9 -4 -10 -33 -15 
-11 -23 -17 3 -5 -118 -109 30 
-9 19 23 10 9 19 51 46 
20 10 -6 -3 -5 18 29 6 
3 -11 -17 -12 -9 17 46 -10 
14 14 8 4 3 52 69 -20 
-6 -20 -21 -6 -7 -5 -19 8 
41 7 -20 -15 -7 -33 -14 18 
-2 0 9 8 1 -3 61 39 
9 34 36 8 4 -16 -78 -24 
-14 3 7 3 4 18 4 -34 
34 4 2 5 0 -21 2 -10 
-22 -25 -29 -16 -8 26 26 3 
-15 5 17 7 -1 1 -45 -14 
17 16 8 2 0 -8 -1 24 
-15 -16 -29 -5 -2 12 -42 -38 
-16 -11 -11 -4 -11 -31 -11 -39 
4 -7 -5 1 2 -3 -19 -12 
-8 20 28 7 6 -12 -18 8 
2 24 20 -1 -1 -8 16 -3 
-19 -19 -35 -6 0 6 -17 10 
8 10 23 3 3 14 -9 10 
-21 -24 -20 -3 0 -18 43 -5 
-18 -24 -2 -2 -1 16 -44 -2 
-20 -11 -8 0 -3 4 66 17 
18 19 4 2 3 5 54 55 
-7 -29 -30 -9 -5 -26 -6 -18 
22 17 21 0 3 28 -9 13 
-17 -21 -54 -14 -9 -36 26 0 
-22 -5 -7 2 -2 4 -78 -22 
49 10 41 5 5 27 49 37 
-8 -8 -27 -7 2 -6 19 -10 
7 5 -1 -3 -3 17 -5 -4 
-5 7 -11 1 2 -9 -15 -25 
23 23 38 12 1 -18 -73 -17 
-12 -21 -21 -10 -2 -26 -19 -12 
-26 5 20 6 -1 13 -31 -3 
-2 14 -1 5 -3 7 42 2 
-4 -10 -10 -7 -3 -11 -8 -16 
11 7 -21 -5 1 15 68 18 
1 3 7 -3 -3 27 25 2 
7 10 12 7 3 -44 -44 -5 
1 4 -10 1 -3 -24 7 -3 
-27 -19 -21 -10 -10 -31 -62 -5 
2 -16 -36 -6 -10 -12 5 -20 
-41 -34 -27 -13 -6 -4 -19 7 
-2 -3 -10 3 6 5 4 5 
0 3 21 9 2 28 -10 -15 
42 15 39 16 11 10 52 32 
22 15 24 -6 -3 -20 -7 -14 
0 17 -23 -6 -6 -24 34 12 
-39 -9 -23 -10 -3 16 -41 -17 
37 18 6 1 0 -14 -55 43 
2 -1 0 -5 2 20 87 4 
-32 -26 9 5 3 10 -24 -23 
-25 -4 -2 -2 -5 -8 -80 -3 
6 0 3 4 0 9 24 -10 
-8 -6 17 5 3 9 5 9 
-2 7 12 1 0 -29 -32 24 
6 4 8 -3 -3 -2 35 -4 
1 -9 -4 0 -5 -20 7 -15 
9 -7 -8 -4 -1 3 2 8 
0 8 -13 -10 -5 4 39 4 
12 -29 -40 -18 -5 -9 -24 7 
-29 -18 -1 -6 -6 3 7 -24 
-1 -17 -36 -5 -3 30 39 4 
13 32 22 7 6 50 58 7 
38 19 14 2 0 -19 -1 33 
-4 -11 -5 0 -1 -51 -36 34 
1 11 15 9 3 -27 -97 -5 
-2 -5 0 -1 0 -3 14 -13 
1 8 -21 2 3 6 22 12 
9 -12 -19 -5 -3 -1 5 2 
18 15 6 5 0 -22 -3 -3 
-58 -31 -28 -3 0 6 49 -29 
-48 -7 4 -1 -6 -16 -14 -27 
31 12 12 -3 1 -12 -5 42 
9 -1 -1 -3 -3 3 -64 -38 
19 -1 1 -5 -2 9 10 9 
-10 -5 5 7 5 -19 -43 19 
13 -8 -9 1 2 13 1 -7 
-17 7 -40 -8 -2 16 -11 0 
0 10 17 10 4 3 15 -5 
-13 3 1 -8 0 -21 -25 -19 
-10 -26 -42 -15 -9 -33 4 3 
12 17 33 7 2 7 36 -4 
-6 -4 -18 -4 -1 -9 -29 0 
14 -4 15 5 -4 9 42 8 
-16 -10 -7 -9 -6 40 29 -9 
-8 4 29 9 8 23 17 3 
26 11 27 6 0 8 -5 5 
-20 8 -12 -6 -3 7 -1 -3 
5 -1 -23 -5 -5 -27 -7 8 
-6 -13 -26 -13 -8 -15 3 -7 
-16 9 -2 -3 0 -16 -46 -30 
3 -16 -17 1 0 11 68 22 
-1 2 25 8 -4 -59 -56 -3 
-11 -29 -2 -14 -8 -5 -32 4 
-7 17 28 13 6 38 -12 2 
32 17 1 4 10 1 -12 19 
19 -3 -5 4 -1 -10 16 3 
3 -1 30 6 2 19 23 10 
16 11 -13 2 3 3 14 -16 
-4 11 -2 -9 -2 6 5 8 
-21 -20 -13 -6 -3 -20 -26 -17 
28 4 14 3 -1 22 28 -15 
21 3 7 2 2 -29 1 36 
-58 -37 -20 -4 -1 1 10 -41 
4 -4 0 -4 -4 11 -5 -9 
-18 0 -3 3 -1 -11 -24 -51 
18 41 27 14 10 -2 5 18 
-22 -11 2 2 -2 -10 19 19 
23 11 26 8 -4 -10 -13 7 
-3 -2 9 -2 -1 8 19 11 
-3 1 26 6 4 -4 -46 -9 
-11 -18 -21 -9 -6 29 68 -4 
12 11 -3 1 -1 -13 24 24 
-6 10 30 11 3 2 -32 -14 
-8 -29 -38 -12 -4 6 -10 -2 
-12 4 0 -1 -7 -16 -2 -9 
48 33 31 8 8 -1 -42 40 
-21 -31 -27 -3 -1 56 39 -2 
-2 -4 -19 -6 -5 -24 12 20 
-9 -10 0 -1 -3 19 37 15 
6 5 -23 -6 0 1 -8 -38 
29 25 13 5 11 29 -90 -4 
-4 8 7 0 4 12 -7 -9 
-19 -29 -13 -4 -1 9 50 11 
-16 7 -8 1 -1 -2 32 -5 
-2 10 23 6 -2 -9 64 -4 
-8 -15 12 -3 -3 -8 -51 -15 
5 3 23 5 3 -18 -18 2 
-5 4 8 1 -1 5 -65 -4 
-13 22 5 -1 -2 15 58 9 
29 -8 -2 -4 0 -2 -66 -30 
-10 9 2 1 -3 -1 49 1 
-3 -16 -42 -3 -4 -13 -1 -39 
7 11 5 -3 -1 -15 -32 1 
24 14 -5 0 1 6 15 19 
13 -8 -11 0 -3 -2 -66 3 
-12 1 -7 -4 -2 -17 -17 3 
-5 -10 -2 -1 -4 -17 -16 -67 
13 5 -4 -1 2 10 -14 -18 
-8 2 23 7 -1 17 59 16 
-21 -5 -19 -3 -6 -8 -25 -10 
-13 -7 5 -4 0 1 26 17 
36 11 11 4 6 10 46 29 
2 15 8 3 -3 -7 43 35 
-4 -5 -16 -3 -3 -5 -43 -54 
-4 -15 -17 -5 -5 -7 38 1 
5 -6 -8 -3 -3 -7 10 11 
-8 1 2 0 0 1 -27 4 
-9 4 -9 -2 3 -5 -5 2 
-3 -14 -15 -8 -1 25 41 2 
5 -4 2 3 3 20 6 6 
21 0 -2 4 7 30 42 -25 
-6 -21 -7 -4 -3 13 56 7 
13 27 24 5 -1 -19 -17 19 
-4 5 10 3 0 -12 -19 -20 
14 8 -9 3 1 -3 -15 3 
-18 -9 -2 -2 -4 1 12 7 
-17 4 -24 -8 -3 14 -14 -10 
1 1 -9 -1 1 7 -4 18 
-18 -8 0 -6 -3 -22 -47 -40 
-1 18 2 -5 -2 -11 -6 -56 
-25 -7 5 0 -2 -17 -25 -1 
9 1 -13 0 3 15 26 2 
6 -1 -1 -1 -2 -23 -57 -8 
5 -27 -25 -12 -5 -9 -28 -4 
22 -4 6 -3 -5 -6 37 29 
-1 1 16 3 -2 12 35 5 
-2 3 10 3 2 1 -21 -2 
-14 -23 -34 -6 -7 -17 -11 -3 
5 -2 -28 -1 3 19 -4 10 
-10 -4 8 -4 0 12 -9 6 
7 4 3 3 1 1 -21 18 
20 14 5 1 2 -17 -1 3 
8 -9 -18 -5 -2 -4 -1 -11 
-24 -9 2 -1 -2 7 54 2 
-3 4 12 3 -1 -3 0 1 
14 -6 2 3 2 13 6 11 
-12 -24 -29 -7 -4 -4 -60 -11 
23 2 29 6 1 2 -8 13 
6 11 2 5 7 4 -20 0 
10 -3 11 1 3 33 34 -1 
-8 2 -18 -3 -6 -19 -13 -58 
17 6 15 0 0 2 -29 55 
8 1 5 -2 -1 13 30 48 
14 8 -4 -2 -5 -32 43 -4 
-4 -4 -11 -2 -5 3 -4 -5 
-53 -12 -3 -4 -2 4 -107 -23 
8 -13 -19 -6 -5 -15 9 24 
10 0 19 5 0 2 17 10 
-8 -6 -25 -7 3 22 -3 -24 
-27 -10 9 2 1 -22 -69 -20 
-12 -10 -30 -19 -12 -6 3 -31 
8 14 24 12 3 -12 48 -1 
32 24 13 10 6 -5 0 33 
-6 -19 -12 -3 -1 6 18 8 
0 9 6 -1 -1 -11 -29 12 
-2 -16 -13 -1 -3 5 20 17 
21 -2 -1 -6 -6 6 103 -6 
8 16 12 9 10 6 -29 -10 
-18 -23 -38 -12 -7 -1 31 -20 
7 25 31 23 5 -8 -13 -4 
11 19 12 0 1 -1 -74 -53 
-30 -20 -35 -29 -23 -17 123 84 
-1 11 10 -6 -11 -4 96 48 
10 5 -9 -12 -14 -8 -4 74 
-39 -36 15 10 -1 -11 -33 -65 
41 5 -3 -7 -16 -5 -25 55 
13 28 7 4 17 61 62 -61 
-44 -4 2 0 -7 -35 -37 -23 
46 -8 -7 0 2 -12 -7 32 
-24 -15 -7 -12 -9 52 97 35 
3 11 21 12 -1 -14 -29 11 
-54 -45 -49 -18 -5 -10 -4 37 
9 -10 -13 0 -2 12 71 57 
-52 -37 -33 -15 -10 -7 8 17 
22 17 15 6 4 24 38 34 
-10 3 16 -1 6 21 -28 -61 
-27 -22 -31 -19 -9 -9 -45 -48 
25 14 18 17 10 5 -36 -42 
-33 -9 -12 -13 -11 -10 35 18 
-52 -17 -8 1 -1 -8 -44 -25 
-12 17 23 10 10 23 25 -20 
9 5 7 0 3 6 -10 -7 
31 7 27 3 -14 -13 -29 -22 
39 32 36 22 17 0 -63 63 
29 31 22 6 2 -9 -23 26 
11 -19 -29 -28 -36 -47 -55 59 
-18 -20 -8 7 16 14 35 -33 
14 7 11 0 -5 2 22 -14 
38 36 16 15 23 -27 -2 -64 
-15 -9 -8 -11 -15 -23 -7 -42 
-10 -34 -44 -23 -21 -31 -39 -9 
66 27 26 18 12 14 36 76 
-51 -22 -28 -10 -7 -10 2 -54 
-10 11 5 0 0 -39 -82 -53 
-30 -6 -2 0 4 -29 -11 19 
-28 8 6 2 -6 -18 -62 -45 
-23 -21 -21 -14 -13 -31 -53 47 
35 9 -1 13 8 -12 -6 -10 
-33 -8 -1 -9 -9 -5 18 2 
13 3 -4 -8 0 13 63 27 
39 17 0 1 10 3 25 8 
-5 13 11 1 0 -6 -27 -39 
20 -9 -13 -3 4 17 67 20 
-25 -9 -7 -11 -12 -15 -40 -45 
-21 -8 1 -3 -2 19 13 43 
9 -9 -27 -11 -5 -1 22 -17 
18 21 22 12 12 27 38 -24 
4 14 13 -2 -5 -32 -59 34 
6 10 9 0 0 4 31 -45 
-5 35 28 15 9 6 -2 -2 
34 15 20 3 -3 -17 -26 57 
-28 -13 -12 -6 -2 -6 -33 -59 
3 -21 -15 -7 -7 -2 -21 21 
-42 -35 -30 -11 -9 -17 -34 32 
6 -1 -4 0 1 -4 -24 -53 
-12 -20 -20 -5 -4 -16 -34 -27 
18 29 -2 -8 -13 -5 14 65 
-78 2 4 1 -4 9 -7 -17 
-23 -53 -20 -8 -2 32 32 -25 
11 -1 6 -1 -3 -4 65 -20 
-15 16 12 4 3 8 -8 -12 
20 -3 -8 6 9 2 5 67 
0 17 25 14 7 8 -13 -4 
27 2 -1 1 -3 9 41 28 
-10 -25 -10 -1 15 11 7 17 
-15 3 7 9 11 21 31 -14 
-19 2 -11 -10 -12 -2 -45 -11 
9 13 9 2 4 -7 -42 -19 
3 -26 -8 0 -2 -4 24 17 
5 2 3 -3 -12 -20 -21 -33 
26 24 15 5 -5 -30 -61 -59 
-3 0 -4 1 -6 -12 -8 12 
-1 0 2 3 2 8 41 10 
-33 -15 -8 -9 -13 -7 8 -5 
3 -17 -3 1 1 15 61 2 
-14 -5 -10 -7 -4 -22 -45 40 
-7 -21 -18 -21 -25 -29 -54 38 
-21 -17 -2 4 6 -5 -77 -44 
1 -25 -17 5 10 -37 -75 -31 
22 29 19 9 8 40 58 -12 
-4 -14 -6 -8 -6 8 8 75 
25 26 21 12 14 38 28 -27 
-18 -7 -16 -8 -11 -21 -32 -24 
1 19 13 5 2 -6 17 -32 
14 12 1 -6 -8 2 37 35 
11 20 20 10 7 -2 -16 -2 
-22 -2 -2 -3 3 15 37 31 
24 31 14 1 -2 11 44 15 
-42 -35 -22 -5 -6 -16 -18 0 
18 -12 -23 -2 6 8 31 47 
-22 11 15 7 8 9 12 -23 
16 -9 -28 -15 -8 -9 -24 39 
-46 -11 -1 6 7 18 17 8 
33 13 11 -5 -4 -10 -55 -23 
-12 -5 4 3 2 -18 -37 2 
17 12 8 6 3 -16 -32 -36 
15 14 15 2 -3 2 37 60 
-35 5 4 2 -2 -9 -20 -38 
2 2 -1 -4 1 12 12 -47 
1 -4 1 3 -4 -12 -32 1 
-21 -17 -8 -1 6 41 82 21 
-17 -22 -25 -14 -9 -33 -50 -26 
-24 -29 -32 -19 -19 -25 -75 -35 
-1 -47 -53 -17 -11 -20 -26 -12 
11 20 21 9 7 16 47 1 
-23 -17 -8 -4 -2 5 -10 -17 
-8 -13 8 6 4 20 31 -15 
-15 8 4 9 0 -12 -18 -26 
46 23 -1 -7 -10 -20 -21 15 
13 19 15 11 13 24 43 13 
-14 10 4 0 -9 -9 43 -27 
24 3 0 -4 0 -7 -32 -27 
-15 -3 6 -4 -3 4 19 33 
18 2 -6 -4 -6 -16 -4 -12 
-24 -7 -6 -4 -4 11 50 1 
-35 -9 12 10 10 12 7 6 
16 2 2 -5 3 31 41 29 
-16 0 -6 6 5 0 -13 -4 
-16 -21 -21 -8 -8 -32 -56 15 
-1 -11 -15 -6 -8 -10 -15 -1 
0 13 11 8 8 -18 -52 23 
-21 -11 -5 -6 1 -25 -11 -46 
7 -2 -12 -8 1 17 41 16 
28 -1 5 7 2 -2 10 -3 
-27 -20 -25 -14 -13 -26 -51 -31 
-17 -7 2 1 6 11 14 -24 
15 14 14 3 3 4 2 8 
-14 -8 1 6 7 6 -14 33 
-3 2 -3 1 5 -3 -19 -23 
-15 -6 -5 -4 1 16 27 24 
25 11 8 -1 -6 -8 -15 18 
7 1 -7 -6 -8 -15 -14 -42 
31 26 9 9 10 24 65 62 
-6 -5 -5 -10 -7 -4 -8 -4 
27 4 6 1 -1 -10 -29 10 
-24 -18 -8 -7 -5 3 -20 -39 
-7 4 9 7 8 41 75 48 
-8 10 12 1 1 3 -31 -57 
-3 17 16 12 3 -2 -8 -7 
-8 -10 -11 -2 2 -16 -24 -22 
-13 -18 -19 -8 -10 -3 0 -44 
0 4 -4 -4 -7 -10 -40 44 
-12 -16 -10 -12 -8 -17 -24 -4 
6 -1 -2 -10 -6 -9 -16 16 
13 16 16 8 0 0 3 43 
9 -4 -15 -5 -7 -7 -6 2 
-8 -2 0 -5 -2 -1 -18 -25 
-21 -2 0 -1 4 4 16 27 
-11 -5 -3 3 1 -12 -17 28 
25 -3 -6 -1 5 37 48 12 
-3 -19 -24 -6 -7 -20 -74 -40 
-3 -23 -49 -34 -20 -23 -12 -36 
62 19 14 5 -5 -11 3 -9 
-18 -11 -11 1 6 9 -55 -20 
-12 -18 -45 -13 -1 -1 21 -12 
17 48 96 45 22 43 62 76 
-12 27 44 15 6 2 -8 -67 
-6 -8 -14 8 0 1 12 -16 
-2 6 5 -3 -2 0 69 41 
7 -13 -14 -12 -13 -19 -67 5 
-10 4 -11 -2 5 19 -27 -31 
-36 -48 -53 -15 -9 -16 6 -22 
7 7 42 24 16 38 96 43 
48 -12 -54 -30 -15 -29 -58 48 
-29 3 -1 0 -9 -20 -43 -67 
8 15 10 -2 3 5 0 -3 
-20 -12 32 16 4 -8 -32 -41 
0 4 19 24 6 7 28 50 
-5 20 32 25 9 25 25 -30 
23 33 56 21 11 19 24 16 
-51 -41 -103 -83 -24 -30 -58 -45 
-35 -12 33 30 -4 -23 -38 -64 
2 13 8 10 3 -2 -24 -21 
8 -8 -10 11 5 9 37 -59 
7 2 -3 -13 -6 14 -2 18 
-6 -16 -10 -6 -2 -14 19 -20 
-6 17 28 16 11 14 22 23 
-26 -33 -39 -27 -9 0 4 35 
2 -12 -7 -1 -4 -16 -10 36 
-2 -7 -28 -8 -3 -13 -48 -42 
-31 -11 -18 -19 -13 18 80 24 
22 15 38 22 6 0 15 4 
10 -14 1 5 1 -8 -7 23 
11 13 25 19 8 0 -2 8 
2 -17 -12 -12 -18 -24 -48 -46 
9 20 8 -3 7 -8 -7 28 
-22 -24 -18 -3 -5 -3 -17 -17 
9 31 38 26 10 16 49 41 
15 17 -9 -5 -3 -11 -28 -2 
-3 -11 -9 -7 -2 -4 -1 4 
1 23 48 24 11 13 11 -9 
12 0 12 4 6 9 37 32 
3 14 13 2 4 16 30 -2 
12 14 0 -2 -8 -7 -45 -33 
-11 -4 -6 -1 0 -4 5 17 
3 2 32 4 -2 -2 0 -49 
19 -34 -27 -2 3 -14 -45 -18 
1 -14 -21 -8 -2 1 7 50 
0 2 1 -2 -1 -3 3 15 
-6 5 6 -1 -7 -8 9 4 
-1 35 25 0 4 14 35 -17 
-6 -5 -35 -14 -1 7 -4 -30 
-1 11 49 32 13 13 29 -7 
-2 -2 -18 -16 -8 -13 3 28 
-5 5 -11 -5 -2 -7 1 -20 
20 -5 -7 -3 -5 -8 0 18 
-17 -32 -65 -32 -13 -15 -20 -32 
9 35 87 42 9 -5 3 21 
-20 -39 -56 -17 -3 0 -4 -20 
8 2 -12 -10 -10 -12 -20 6 
1 -32 -51 -24 -7 -11 -6 40 
-16 4 25 20 10 10 6 19 
20 43 46 26 18 25 54 -1 
-24 -40 -31 -8 -7 -1 0 -43 
-20 -17 -41 -22 -10 -19 -19 4 
-3 31 45 18 14 17 22 13 
-25 -28 -51 -13 -5 -11 -21 -37 
4 -31 -52 -28 -8 -15 4 38 
-15 17 8 -4 -1 -8 -32 -9 
16 6 2 -1 -5 -4 0 9 
-18 -3 6 3 -2 -1 12 11 
9 -25 -34 -15 -4 -2 4 -18 
8 -17 -42 -17 -8 -11 -23 -19 
8 4 -14 -13 -4 -3 0 16 
11 9 31 10 4 7 13 10 
2 19 24 7 -1 -2 7 14 
2 5 29 12 3 10 19 12 
-2 12 -49 -28 -6 -12 -46 -49 
-12 -35 -58 -34 -15 -10 -51 -32 
-1 13 19 13 0 6 30 18 
-28 -4 -2 0 -2 -7 -24 -5 
-31 -33 -23 -10 0 14 15 -21 
3 4 0 -3 1 3 11 14 
9 21 35 19 6 1 -35 0 
-1 4 -4 -3 2 8 23 31 
-21 -28 -18 -8 -8 -11 -24 -7 
-6 2 4 5 -1 0 -38 -19 
17 11 42 22 9 7 8 3 
-14 -22 -26 -12 -6 -8 -4 -5 
-7 15 47 23 8 4 -5 5 
-12 -24 -46 -35 -13 -4 34 2 
-13 9 17 10 -1 -5 18 -24 
5 -4 9 -2 2 22 19 -13 
18 4 -7 1 5 17 2 1 
3 14 28 16 5 6 2 -1 
-6 -26 -61 -22 -8 -3 6 9 
-17 -8 -8 -2 -2 -6 -17 0 
-15 -10 16 4 2 13 75 31 
23 22 9 1 3 1 9 -6 
5 -4 -10 1 -6 -8 -12 5 
12 13 3 0 2 -3 -7 -20 
19 10 30 23 11 13 2 60 
-7 4 9 0 -4 -10 9 -5 
-16 18 29 4 1 -5 -9 -18 
-3 10 0 2 0 -12 -33 -18 
7 -13 -12 6 2 -9 -34 -12 
-4 -11 -17 -10 -8 -2 -2 -27 
-30 4 24 4 -1 -2 -1 -23 
16 17 20 9 0 -16 -20 -7 
5 10 -22 -12 3 -7 -30 -7 
-5 -26 -3 1 8 4 11 -41 
0 -5 17 2 3 9 5 -34 
12 -14 -22 -10 -2 5 11 -21 
-8 -4 22 8 -6 -11 -6 5 
4 -9 -10 -6 -4 -4 13 21 
-6 -13 -32 -15 -8 -2 -5 18 
-10 8 16 7 0 0 8 -32 
-19 0 5 0 0 7 3 -66 
-15 1 5 4 1 2 -1 -15 
4 -9 -8 5 4 10 52 44 
13 4 -4 2 0 4 9 27 
7 -4 4 -1 -3 -5 0 26 
12 10 11 6 3 5 6 17 
-1 -6 -8 1 0 -4 -12 -5 
9 2 -6 -3 2 14 11 3 
11 -3 -19 -4 -2 -5 10 10 
1 -16 -22 -10 0 33 53 -15 
-17 -8 -25 -13 5 4 7 -27 
29 10 18 4 0 -7 -13 -1 
-3 3 -15 -9 -5 -6 -18 41 
-1 21 23 4 -1 -5 -15 -12 
-15 2 0 0 2 13 24 -13 
14 11 3 -4 2 -4 -11 41 
6 -14 -3 7 2 -8 -7 14 
28 16 -4 -1 2 9 2 8 
9 13 36 11 10 7 23 3 
-3 -3 -23 -13 -8 -17 -28 30 
24 12 26 4 -2 -11 -33 0 
-33 -36 -64 -31 -13 -3 -9 -35 
17 16 24 7 3 7 22 27 
-4 -1 2 -5 -6 -19 -18 -6 
-19 -16 11 5 4 -11 -16 -11 
-19 -11 15 0 -8 -7 14 -1 
-14 -6 -27 -15 -7 -16 -41 -2 
-8 -28 -24 -1 -4 -23 -54 -28 
5 8 27 12 -3 -10 37 0 
-5 2 -3 -28 -12 -19 -12 -14 
6 23 58 33 8 2 -8 2 
-14 -5 19 12 -4 -21 -37 3 
14 3 9 14 7 24 68 3 
-24 -17 -12 0 -1 4 35 -9 
19 40 28 7 5 20 32 12 
4 -17 -18 -7 0 -9 -1 8 
-17 14 35 20 8 12 23 -26 
-2 -24 14 21 10 11 -24 -44 
-17 -2 -34 -14 -5 -31 -91 -9 
16 17 -26 -9 -3 -14 -18 0 
16 -1 4 7 4 7 -32 -17 
24 36 44 18 11 13 44 3 
9 18 -16 -2 -3 17 55 38 
13 15 28 18 8 4 -14 -33 
-3 -9 -8 -11 -6 -19 -39 0 
19 33 56 19 -2 6 12 -6 
-11 -27 -83 -45 -21 -18 -34 14 
-4 -3 20 5 2 -9 -19 -18 
-11 -19 -12 7 1 -8 -12 -9 
9 3 5 7 14 27 13 -14 
-27 23 11 14 7 -8 -25 -11 
3 -24 13 -8 -14 -23 8 5 
-14 -7 -1 2 -1 10 12 10 
-14 -21 -11 -14 -13 -10 14 7 
-30 -55 -41 -20 -18 -11 -8 -9 
10 7 2 -1 -7 -9 22 35 
-24 -5 -12 -6 -1 3 4 -30 
-32 -29 -49 -28 -11 4 -14 1 
16 5 13 12 5 -7 -65 10 
-17 12 20 19 4 19 71 -16 
-8 -3 10 11 1 -19 -52 -27 
26 18 17 9 6 0 -40 13 
15 10 11 0 0 -6 -16 -22 
8 9 -16 -3 7 7 8 -13 
16 16 36 9 5 13 1 5 
-1 49 52 21 1 -15 -25 -5 
-14 8 7 3 7 14 5 -30 
-44 -34 -24 -11 -9 -9 25 15 
20 -20 5 5 3 13 15 33 
4 -1 -13 -3 2 0 3 23 
-6 32 25 7 1 6 -10 -7 
-11 1 2 6 1 -6 -36 -31 
-6 -13 -35 -28 -11 11 28 18 
4 -11 5 3 1 -12 -18 8 
-1 3 -6 -6 -7 -11 -26 11 
-6 -9 -11 -2 -1 -5 -21 -30 
-10 -16 5 6 4 -2 -15 -49 
4 14 12 1 -3 -11 -16 -16 
-7 -2 18 8 7 26 31 -36 
11 -3 -13 -5 -2 -7 -8 2 
1 -27 -8 -1 4 16 -2 2 
12 -2 -22 -13 -16 -9 -11 8 
-14 18 15 9 4 -16 -18 -28 
-8 -29 -48 -23 -5 1 8 -25 
18 31 25 11 7 -5 -28 2 
13 21 15 9 6 13 27 15 
13 30 33 14 8 19 16 5 
6 4 7 -5 -9 1 37 18 
-21 -9 -7 -9 -6 -14 -6 -56 
9 -14 -11 -1 7 12 14 37 
-8 -24 -45 -18 -9 -9 -1 -4 
-12 16 -1 1 4 -3 20 64 
-1 8 -13 -1 4 23 39 10 
30 20 19 7 3 -6 -41 23 
-7 -3 -4 0 5 9 1 -4 
-8 -19 -11 -4 -2 1 5 14 
-38 -30 -28 -13 -10 -10 -19 -48 
3 40 46 17 0 4 16 -13 
9 26 -16 -10 -8 8 48 30 
5 6 -5 5 2 -7 -13 2 
-30 -36 -7 1 7 0 -19 -49 
-19 -35 -49 -14 -10 -11 -13 -30 
-6 9 28 5 1 2 9 16 
-1 -8 -46 -37 -11 -10 -5 15 
9 -4 19 19 2 -4 1 11 
13 36 33 9 12 6 6 8 
3 8 12 9 13 10 1 -6 
7 12 10 2 1 5 -6 -1 
4 4 10 1 3 -7 -5 -8 
-11 -36 -96 -69 -23 -16 -10 -14 
0 12 48 23 3 -2 4 1 
6 7 2 7 -12 0 4 6 
10 3 -46 -16 8 9 -2 8 
11 51 124 86 15 5 2 -3 
13 24 55 26 3 10 6 10 
-5 -8 -41 -48 -18 -9 0 8 
-10 -18 -48 -23 -8 -13 -2 -2 
11 35 108 57 15 1 8 9 
7 -3 0 15 7 8 7 -19 
-4 -3 22 11 0 5 2 3 
-2 -3 -35 -35 -10 -1 -1 -5 
-6 1 15 1 -4 -6 -5 -3 
1 -6 -15 -21 -11 -3 -8 2 
0 -3 -2 -9 3 -3 3 -2 
0 0 -1 -1 -2 2 -57 1 
-3 -3 3 -1 1 -1 -19 5 
-3 -2 -5 -3 -6 1 17 2 
2 3 18 3 0 -4 9 0 
-8 -26 -65 -40 -14 -9 -5 -8 
-4 4 0 5 4 1 4 2 
-4 -21 -37 -21 -9 -2 -2 -7 
1 6 4 2 4 4 -5 2 
5 12 17 7 4 0 5 -1 
-3 -2 -5 4 -5 -8 -3 -2 
2 -5 -2 4 0 4 -3 -3 
-1 2 4 0 -3 0 -5 -1 
-2 6 15 13 1 -6 -7 3 
-4 -7 -11 -4 1 -6 6 0 
2 -5 -42 -33 -3 -1 1 106 
3 8 19 8 5 3 0 -28 
2 3 -4 -2 3 -1 3 -31 
-3 2 19 2 -2 -5 -5 -33 
-3 5 4 10 7 -3 -9 -39 
-13 1 -4 1 -4 -2 -7 -31 
-3 -1 2 0 -1 -5 -2 -16 
6 10 2 5 2 -2 -2 -3 
8 0 -6 1 -1 -2 -4 -2 
12 -2 -2 -2 2 3 -6 -1 
3 0 -4 0 3 -1 2 -8 
-4 -6 -11 -7 -2 1 -6 0 
-3 -2 3 -1 -5 -1 -1 -1 
-1 -1 -4 -15 -5 0 -2 0 
0 0 8 6 -1 2 -1 -3 
-1 -2 1 3 -1 2 0 -1 
-1 -1 -3 -3 -4 5 1 -1 
3 -2 2 4 1 1 2 2 
2 7 17 12 1 -1 2 -3 
-1 -3 7 1 1 -5 1 2 
2 -2 7 5 4 -1 1 -3 
1 7 6 4 4 2 2 4 
-2 -3 1 1 -4 1 4 -5 
1 -4 -10 -1 3 -3 -3 2 
-5 -4 -3 -3 -5 0 5 4 
-2 -1 -4 -4 -3 4 -1 1 
-1 -4 0 1 -1 2 0 0 
0 -4 -11 -2 5 -4 0 -4 
1 4 10 2 0 -1 0 -6 
0 -1 4 4 0 0 2 -1 
2 -2 -5 0 -1 -4 0 12 
-2 4 -2 -1 -1 -2 -3 4 
-50 -23 -10 17 -5 -1 14 83 
39 7 -82 -25 -1 4 22 29 
-56 -9 42 10 -5 -13 -17 15 
30 -17 41 10 -8 -18 -45 12 
-13 0 11 -5 2 -5 -32 -75 
-45 -17 -19 9 -4 0 28 -108 
1 8 -28 -9 -6 -7 11 48 
22 1 -30 -38 -4 -5 -30 -57 
-57 -44 -76 -15 -7 -15 -74 -54 
76 19 16 19 8 11 43 18 
-76 -5 -30 7 0 -3 -18 -9 
48 15 36 23 2 4 36 115 
-121 -59 -24 -12 -8 -2 23 -32 
-57 18 20 2 1 4 -24 38 
-24 1 -3 5 4 3 71 -103 
78 20 4 -18 1 -1 -47 -16 
34 7 13 9 -3 -6 -19 2 
61 14 15 -8 0 -3 -38 -48 
-77 -28 -7 -2 -2 -1 -39 5 
-93 -6 14 30 -4 -3 0 25 
-99 42 58 4 8 2 -30 -50 
50 -18 -47 -3 4 8 15 8 
8 -2 8 31 5 6 77 49 
-56 17 -18 0 5 2 28 29 
-23 -8 21 -1 -7 -7 -20 -28 
112 32 7 -8 0 3 -21 -15 
-9 -27 -5 -23 -12 -14 -52 -22 
40 11 58 6 3 6 43 28 
30 5 -13 11 9 1 -54 -35 
-76 -5 -14 13 -3 -5 -30 -19 
-105 11 -3 -11 -7 -8 -38 11 
9 -29 4 -2 -5 -8 15 62 
37 -31 -13 7 -2 1 6 -7 
48 9 11 11 8 6 16 -50 
-1 -4 -68 -19 0 21 127 73 
38 19 37 -11 1 -1 46 -37 
-55 -8 -87 -32 -16 -12 -42 24 
16 -19 -7 1 -8 -19 -73 -121 
-3 -7 44 11 3 -1 -1 -21 
-75 -14 -22 -10 -8 -7 0 -75 
70 25 43 5 2 8 3 55 
49 -15 -16 -3 -1 1 -66 54 
39 9 -45 -1 -5 -12 -39 -43 
-30 -6 -24 -13 -4 2 9 27 
74 7 64 16 3 4 -84 -82 
-31 -7 7 1 1 -6 -54 6 
2 -2 -33 -16 -7 -6 -2 -10 
84 32 6 28 11 8 37 40 
-49 0 28 -5 3 13 67 69 
-114 -27 -17 -11 0 3 -2 -53 
23 25 -17 -47 -3 0 -4 -22 
-21 3 39 28 6 2 30 43 
-48 3 -22 21 5 2 11 -8 
-14 -24 20 4 -11 -14 -55 -29 
108 31 103 10 3 3 -43 -23 
98 -2 -31 -19 -14 -11 28 51 
-55 -5 6 31 2 -2 24 70 
-16 14 -32 -26 -6 -13 -61 -93 
57 2 2 22 6 4 -19 -22 
-5 9 41 6 0 6 36 23 
23 -7 36 13 5 1 -9 9 
48 13 -73 -61 -6 0 42 51 
-122 7 22 15 0 8 16 -37 
13 -23 -59 -19 -6 -6 -9 15 
26 -33 -43 24 3 -2 -12 27 
-37 6 -3 -4 1 -1 17 -1 
-1 8 54 5 2 12 8 -12 
35 4 -95 -14 1 1 -10 18 
-25 -36 18 -3 -3 -6 28 -78 
1 -2 1 15 0 4 5 14 
-39 -1 -37 -22 -11 -5 -22 -1 
-18 -2 6 -4 -2 1 -16 15 
-15 9 -7 26 11 3 -37 -22 
29 -6 -57 -41 -11 -8 -5 3 
15 0 26 19 -1 -6 -15 15 
-45 2 -24 4 1 2 -29 -58 
52 -5 -45 -16 -10 -5 0 -40 
-55 -6 12 -12 0 -6 -29 -25 
45 3 5 4 2 10 40 55 
-58 -3 -13 4 0 10 39 16 
41 7 5 -9 0 4 -23 1 
-35 0 -11 13 3 -4 63 2 
-8 1 3 -6 5 4 -2 5 
1 -2 -27 -6 0 4 23 10 
33 3 10 -21 1 -5 2 -14 
-65 1 23 18 -3 0 41 20 
8 -4 2 13 0 -1 10 42 
24 24 4 0 -1 2 0 8 
54 29 61 0 -3 -8 -37 4 
-79 -36 -29 -5 -10 -8 -31 -43 
61 -2 -2 9 1 -2 -3 28 
75 4 -12 -10 -12 -5 27 39 
-10 3 -8 12 6 -4 -55 -46 
20 -5 24 0 -6 2 15 7 
-115 -24 -24 -9 5 6 -39 -56 
86 13 14 1 -2 -1 3 -11 
65 13 16 -15 -9 -2 17 42 
-7 6 -14 10 3 7 -12 28 
21 -5 -3 5 -8 -12 -3 28 
83 19 33 24 7 15 25 48 
12 -5 -73 -20 -5 -11 -31 -26 
-20 -17 -4 6 2 7 50 82 
74 15 62 6 1 -7 -5 -30 
22 14 43 7 5 6 -37 -30 
-79 -30 -26 -30 -16 0 49 18 
-14 1 -13 -20 -7 -8 -39 6 
-20 -4 11 19 7 5 34 14 
-8 3 1 25 7 8 33 -20 
101 4 -20 -28 -11 -6 15 81 
-31 -12 -32 -39 -6 -1 -6 -33 
88 10 -62 12 4 4 30 2 
-39 -59 7 0 -1 0 -24 14 
-73 21 38 19 4 8 71 37 
27 -8 -40 -35 -9 -8 -18 18 
-61 5 83 27 -3 -10 -38 -21 
-3 -9 -70 -31 -9 -7 -40 15 
-9 7 6 7 4 2 -13 -19 
-32 18 51 14 9 8 -22 -44 
31 4 -15 12 -1 0 -34 -1 
-3 9 3 -29 -1 -1 44 -2 
39 19 48 50 13 4 47 7 
-18 -3 10 2 0 1 10 -79 
17 9 41 26 17 7 -4 14 
24 17 37 -13 2 -5 -11 6 
4 17 17 32 2 -1 -19 6 
79 -2 -12 -4 -5 4 64 51 
-76 -14 -22 -21 -6 -9 -19 -17 
7 1 12 12 -1 -1 -47 7 
-2 -8 -15 23 -2 1 6 5 
0 3 33 7 -3 -7 17 -25 
-26 -9 -3 14 -7 -2 -38 19 
-1 -20 -50 -13 -6 -5 -14 -34 
-49 -3 20 -38 -10 -8 -24 -19 
31 12 -10 -11 2 2 0 9 
22 19 22 40 8 -2 -39 -62 
24 -15 -33 -30 -14 -7 -12 -17 
-69 -2 -64 -12 -12 -10 -12 -17 
-50 12 61 29 17 4 29 1 
17 77 50 -13 -6 -1 -3 24 
45 15 43 -16 1 7 10 -17 
-13 -33 -55 3 -6 -3 -22 8 
39 6 -13 5 10 4 -20 -1 
-27 -41 -32 5 -16 -21 -12 -34 
-24 7 -25 -38 1 2 1 -9 
45 38 -15 8 -5 -3 -26 -13 
10 -16 -29 -28 -6 0 -10 -11 
19 28 -7 3 9 14 6 38 
-2 26 31 -5 -1 1 28 29 
59 -18 -7 -16 -8 -4 14 13 
26 6 31 42 7 0 -34 -1 
-31 -36 -57 -47 -11 -14 26 -12 
-50 -35 -27 6 3 4 -10 -14 
-85 -48 -15 -12 1 3 -7 -2 
-35 -20 1 6 0 -5 1 -20 
-20 8 -52 0 -3 6 22 15 
-6 -3 74 37 14 5 9 -22 
-8 5 34 -3 2 6 12 1 
-6 9 -11 12 -3 -2 36 80 
-53 -11 31 17 -7 -4 -13 -58 
39 33 -38 -8 -10 -2 -7 4 
-17 31 14 -12 -6 -2 19 18 
21 33 16 -4 -7 -8 16 52 
24 -73 -93 -28 -5 2 7 3 
58 -30 -104 -35 -14 -7 -28 -66 
3 -16 27 52 14 0 -11 5 
-45 -40 30 -10 5 6 5 -13 
62 23 -10 19 -1 -6 -14 -14 
-19 -4 36 0 -3 -4 -1 -13 
-4 -7 -33 -23 -9 -8 16 -2 
-17 16 3 5 -2 -4 4 64 
-8 23 52 7 2 -2 -18 -5 
-54 5 5 -13 -1 2 -10 -19 
36 -46 -128 -21 -7 -8 -16 -27 
25 5 -15 -21 -5 1 0 11 
22 6 26 19 1 -1 15 7 
37 -7 -47 -17 -4 -2 -16 -30 
-20 8 70 24 8 3 -13 -8 
-39 -37 -65 -17 -5 -4 -7 -27 
6 20 6 36 0 0 15 -5 
-8 32 21 -40 2 0 -23 -8 
-19 31 42 16 0 1 -4 -13 
53 10 91 37 15 4 0 6 
14 12 8 -25 -6 -2 -2 25 
-34 -6 -31 36 2 3 11 -4 
0 -20 -15 -30 -2 1 -42 -1 
-11 -3 -20 -5 -10 -9 -13 -1 
-23 -38 -71 -27 -11 -4 4 -35 
-11 -4 -56 13 5 2 -3 -29 
-21 -3 72 11 3 1 -3 10 
6 17 13 14 1 4 26 46 
33 8 28 -2 2 -2 -24 -8 
29 -24 -10 31 3 0 21 2 
-4 19 31 -2 3 0 -18 7 
13 -44 -11 2 -1 -1 13 -3 
15 3 -31 -30 -8 -7 20 -17 
-28 37 20 -34 -4 0 13 -24 
4 -96 22 11 -1 -12 -29 -9 
-82 -9 33 21 0 0 -26 -40 
35 -27 -96 -56 -9 -2 19 41 
-15 -73 -17 -19 -11 -8 -31 -36 
-9 -11 53 25 5 0 -27 -9 
16 12 -35 -22 -2 -1 5 24 
-17 5 33 44 8 4 -22 -21 
81 23 13 5 5 3 -7 24 
-22 7 -44 -29 -5 -4 4 -6 
-45 -13 43 6 6 8 23 -14 
13 -4 8 3 -2 -6 -6 -13 
-22 5 5 -4 5 3 4 1 
-13 43 33 -9 -3 4 7 -15 
-10 3 -16 -1 -8 -8 -15 5 
34 13 6 7 -4 -1 35 12 
-4 44 24 13 8 6 1 16 
17 18 -59 8 -1 -2 -12 50 
74 21 29 -1 3 6 7 5 
-39 2 27 19 3 -4 -26 -10 
78 20 -12 11 -7 -5 19 46 
-8 13 -16 14 4 2 13 -28 
-66 4 24 10 2 -3 -26 -22 
-24 8 38 10 5 8 8 8 
40 15 11 -15 -6 -6 -10 -14 
28 -7 -14 -17 -3 5 32 0 
-78 12 41 1 -4 -5 -16 -33 
-37 -5 -50 -60 -8 -1 -18 -22 
24 -27 -3 5 -4 -2 16 35 
-48 -23 12 -25 -8 -6 -11 -27 
-27 18 0 -19 -1 -1 -13 -5 
-38 12 10 -3 -1 -1 5 -15 
8 -16 -24 13 -2 -4 -15 7 
-84 3 -13 19 -6 -7 -19 -14 
-13 -3 -11 -15 -1 -4 19 -22 
3 -19 21 12 6 7 19 22 
83 -7 54 28 2 2 -3 25 
-8 16 11 -23 -5 -4 -22 -5 
-65 -16 -39 -6 -9 -3 11 -17 
53 12 -32 3 1 -2 3 10 
-27 27 3 11 4 2 5 -1 
-16 -25 -7 12 8 2 -20 13 
44 0 -13 -7 1 -1 5 -21 
53 19 6 -9 -2 1 10 24 
43 24 68 8 -2 -1 21 26 
-21 -16 -10 -9 3 1 -9 8 
-51 -4 41 18 5 0 -1 -5 
-16 -33 48 37 8 3 -12 -43 
13 24 2 -5 -10 -5 6 11 
-8 37 24 -3 3 8 2 3 
-48 -14 11 -11 3 -3 -7 -22 
34 19 -25 -14 -8 -3 8 26 
62 -18 -53 -1 0 -3 17 7 
-6 15 13 -34 -5 -3 3 -9 
56 32 -1 -17 -1 1 -16 -27 
49 -14 -29 14 7 5 14 2 
30 10 12 11 2 0 -20 -22 
-17 -3 -68 -39 -13 -12 -12 -12 
17 9 43 6 3 4 0 2 
-37 -16 -9 3 2 -2 -4 -13 
17 -31 17 24 1 -4 -14 -17 
-65 -11 25 23 -2 -1 4 -16 
5 29 13 28 3 4 3 11 
-21 -28 1 14 0 1 -1 -21 
62 26 8 11 -5 -6 -5 8 
-14 10 1 -3 4 9 3 -2 
-4 3 2 5 2 2 -9 15 
-49 -37 -71 -11 -6 -8 -17 -25 
15 13 19 3 -1 -5 7 7 
40 -2 -26 1 4 5 7 19 
16 4 47 -1 3 1 -15 20 
-42 0 -18 -24 -3 0 -20 -40 
30 -3 13 4 4 1 3 50 
-84 -23 20 3 -2 -1 22 6 
-32 11 21 5 4 9 25 30 
14 -4 -17 11 -9 -6 -1 -6 
30 29 -22 3 3 3 -1 -5 
-57 -39 -16 2 4 4 -37 -16 
-32 -31 24 18 -1 -5 12 -23 
47 11 12 -15 -3 -1 8 10 
32 47 -12 -17 -8 -9 -13 -26 
88 -10 -79 -26 -13 -7 -6 17 
-31 -19 28 -18 -6 -6 -17 -4 
-58 -42 -64 -16 -4 0 1 -10 
24 2 -21 -11 -4 -5 11 -4 
21 2 39 7 -1 -6 -14 12 
-14 11 45 -10 -5 -1 -5 3 
41 22 -25 18 1 1 -17 0 
-10 9 57 7 2 2 27 25 
8 12 34 28 5 0 -29 -65 
-26 -30 -37 -75 -13 -7 11 54 
113 29 -5 23 0 -1 0 5 
30 11 16 1 3 8 19 14 
-10 -9 34 15 6 1 -29 -32 
-29 -15 -52 -13 -8 -13 -18 12 
-4 -26 12 8 -1 1 -3 7 
8 -7 -29 -1 2 3 1 8 
-10 1 10 3 -6 -4 28 -17 
-5 28 -63 -1 0 0 -31 10 
25 11 -3 -16 3 10 44 29 
-37 -14 -36 -18 0 -1 14 -11 
-36 -65 46 23 3 1 12 -7 
-89 -33 14 -6 1 4 7 1 
-39 12 1 5 6 5 3 -39 
-46 -12 -29 -26 -5 0 21 36 
22 -18 -11 -9 -3 -3 -23 -10 
-2 -12 47 34 7 3 -1 -24 
17 1 45 23 6 3 -2 -19 
-33 13 -56 -2 -7 -1 8 -6 
44 5 0 -6 -1 -3 -27 -1 
-23 -6 -14 13 5 0 -3 -4 
-35 -31 -25 7 -1 1 10 12 
99 28 -29 -26 -9 -7 0 0 
16 22 28 25 10 5 27 13 
-17 29 94 30 2 -2 -5 -31 
-19 -5 40 1 -1 0 -34 -35 
15 19 -14 12 6 1 -5 4 
-18 -8 7 11 -1 -5 -15 -7 
25 -12 -49 3 -12 -1 1 29 
44 6 39 6 -2 -1 -16 -29 
-10 -24 -38 -1 -3 2 5 5 
-9 5 45 -14 1 0 42 52 
6 -15 -13 -18 0 2 -25 -22 
19 6 4 -25 -1 0 -14 10 
-87 -13 -3 13 7 4 -3 -34 
-7 6 -52 -59 -15 -6 -11 24 
-13 6 -15 4 -3 -2 2 -35 
33 11 7 -7 -5 -7 -1 9 
63 23 -35 17 7 7 -12 -24 
100 -7 43 -14 -11 -6 -2 27 
-24 1 -21 -46 0 -3 -5 -16 
-4 15 38 44 8 4 -3 -14 
-5 -12 -30 -15 0 -1 -5 -8 
-11 5 9 16 -3 -1 4 0 
6 -6 -8 -1 1 0 7 6 
-5 5 -7 5 3 2 1 0 
-1 -1 4 0 -1 -3 0 3 
-6 0 -5 -13 0 -1 -1 -2 
-3 4 24 25 6 3 -2 -3 
-3 0 5 31 6 1 1 -2 
3 1 10 23 0 -1 5 4 
1 4 6 9 6 2 2 1 
-2 0 0 2 -2 -2 0 -2 
-2 -2 -4 -7 -1 -1 1 -4 
0 -3 -9 -20 -4 -1 -4 -1 
0 -3 -7 -7 -3 -1 -3 3 
1 0 -6 -16 -2 -2 2 0 
-4 -2 -4 0 -2 1 -1 -2 
0 1 -7 19 1 0 0 -2 
-1 2 11 -6 2 0 2 -2 
2 1 6 6 -1 0 0 -2 
-2 3 18 -2 -1 -5 -1 1 
-1 -6 -28 -19 -5 0 -1 -2 
0 -2 6 -24 -5 -5 -1 -2 
0 -1 5 -5 0 0 1 -2 
-3 -5 -8 -7 -3 0 -3 1 
-1 -3 -14 -3 -2 1 -1 0 
0 2 10 8 -1 4 -1 0 
0 -1 20 -3 -1 -3 -2 -3 
0 0 2 -3 -1 0 1 -3 
-1 0 1 -5 0 -1 -1 1 
-1 0 -3 2 0 1 0 0 
-1 0 6 -1 -1 0 -1 1 
1 0 -4 -3 -1 -2 0 -2 
0 0 -8 1 -1 0 -2 -1 
-5 -7 -17 -7 -3 -2 1 0 
0 2 5 -2 -1 1 0 -2 
0 -2 -2 1 0 -1 -1 -1 
-2 -1 -1 -2 -2 -2 -2 -2 
-1 0 1 -1 1 -3 1 -1 
0 -1 -4 -1 -1 -1 -1 0 
1 -1 0 -2 2 -1 -2 1 
-1 0 -1 -1 -1 0 -1 -1 
-2 -1 10 1 -3 -2 -1 1 
-3 0 -7 -2 0 0 1 0 
1 1 2 0 -1 -2 -2 -1 
-1 -1 -6 -1 1 0 0 -1 
0 -1 -1 1 0 -1 1 -1 
-2 1 -4 -2 -4 0 -2 -1 
1 -3 1 0 1 -1 1 0 
0 -1 -3 -2 -2 1 -1 0 
-1 -1 -1 2 -3 -1 1 -1 
-2 1 -6 -2 0 0 -3 -1 
0 1 -1 0 0 -3 0 0 
1 -1 -2 0 0 -4 -1 -1 
-1 -2 -3 0 -2 -2 -3 -3 
1 -2 -2 -1 0 0 -1 1 
-3 -3 1 -1 -1 1 -1 0 
-2 -2 -2 -2 -2 0 -1 0 
3 -1 1 -1 -1 -1 -1 -1 
0 1 -1 -1 1 -2 0 -1 
-2 -1 -1 -2 -1 1 -1 -2 
0 1 2 -4 -1 2 0 -2 
0 0 -6 -1 0 -2 1 0 
-2 -4 -3 -2 -1 -1 -2 0 
0 -1 -2 -1 -2 0 1 -1 
0 0 -5 1 1 -1 0 -2 
-4 -4 0 -3 -1 1 -2 -4 
0 -2 -1 1 -1 -1 0 0 
2 1 1 2 -2 1 0 1 
0 0 1 0 -1 -2 -1 1 
-2 0 2 -3 -1 0 0 -3 
-1 -1 4 1 -1 -2 -1 0 
-1 0 -5 -2 -1 1 -2 -1 
-1 1 -2 -1 -1 -1 0 1 
1 1 -4 -2 -1 0 -1 -1 
-3 0 2 -2 1 0 0 1 
-2 -1 0 -2 1 -2 1 1 
-1 -2 -3 0 -3 -2 -1 0 
-1 -1 -4 -1 3 1 -1 -1 
-1 -1 1 -2 -1 0 -3 0 
0 -1 3 1 -2 -3 -2 -2 
-4 -1 0 1 -2 1 -1 -2 
0 -1 -2 -1 0 -1 1 1 
-1 -1 -7 -1 -1 -2 1 -1 
1 -3 0 -4 0 -1 -2 -2 
-1 -1 -1 0 0 0 1 -1 
-2 1 6 -1 -2 0 0 -2 
-1 -2 -2 -1 -2 -1 -1 -1 
-1 1 0 -2 0 -3 1 -1 
0 0 -1 -1 -1 0 -3 0 
-2 -6 -20 -2 -3 -1 -1 0 
-1 -1 -2 0 0 1 -1 -1 
-1 1 7 -2 0 0 -1 -1 
0 1 -1 -1 -1 -2 0 -1 
0 0 1 -1 0 -2 0 1 
1 -2 -5 -1 1 0 -1 -1 
0 -3 -1 -1 0 1 1 0 
-2 -1 6 0 -2 -2 -3 -1 
-1 1 0 1 -1 1 -2 -2 
-3 -2 1 -2 -3 1 1 -1 
-1 0 -1 -2 -1 -2 0 -1 
1 -2 -5 -4 -1 1 0 1 
-2 -13 -10 -1 -2 -2 -1 -2 
-1 -1 2 -2 1 0 0 0 
-1 3 4 -2 -2 -3 -1 -1 
3 7 14 3 2 2 1 1 
-1 0 5 0 -2 -3 0 -2 
-1 -7 -15 -2 -1 -2 -1 -2 
0 -1 -1 1 1 0 -1 0 
-2 3 -3 -2 -2 1 -2 -1 
0 -3 -12 -2 -2 -5 -2 -1 
0 0 6 0 -2 -2 -1 0 
-2 0 -1 0 -1 -1 -2 -1 
-2 0 -5 -1 0 -1 -1 0 
6 -3 -8 -9 -1 10 23 -3 
45 4 -4 -7 -8 -12 -14 32 
-43 -3 11 8 8 6 47 -24 
13 -4 -8 -5 -5 2 19 32 
-21 25 1 0 8 15 47 -21 
22 -2 -12 -2 -4 -4 -29 39 
21 1 13 6 2 9 74 13 
-39 -21 -14 -4 -4 -8 -56 -59 
88 20 -29 -22 -17 -16 -16 0 
-83 -61 -69 -39 -24 -14 -24 -38 
4 -35 -27 -17 -12 5 76 -8 
77 34 33 17 3 -17 -62 50 
9 -21 -15 -5 1 12 42 17 
19 30 -10 -8 -10 -9 -33 -1 
-38 34 11 3 6 5 14 5 
7 22 46 28 9 -19 -128 29 
-30 -29 -32 -15 -8 2 70 -29 
-20 -26 2 0 -5 -19 -96 -22 
-20 -26 2 0 -5 -19 -96 -22 
4 -23 -19 -15 -16 -19 -63 -62 
57 -20 -19 -2 -7 -2 26 56 
12 -2 12 6 3 1 -14 -45 
-30 -22 -12 -9 -7 -6 18 -26 
11 12 16 17 14 15 43 50 
-43 -25 -35 -3 5 12 28 -30 
-19 21 19 4 0 -2 -28 -4 
-6 -31 -16 -1 -3 -3 -16 8 
49 11 37 -2 5 13 28 5 
11 -4 9 16 7 9 -10 -39 
-30 5 -11 -4 -2 0 -8 -4 
5 -3 7 3 3 17 70 -30 
22 3 31 7 -1 -13 -49 -13 
-47 -38 -57 -25 -11 -5 -25 -46 
6 -13 2 11 7 -5 -45 13 
86 34 21 3 8 13 36 79 
-1 15 22 14 2 -3 -6 6 
15 16 -28 -11 -9 -5 -19 -1 
-52 23 9 -4 4 2 -3 9 
22 -53 -77 -32 -22 -8 38 6 
18 -5 -18 -7 2 2 11 -18 
-21 7 14 6 7 8 26 -19 
5 1 19 1 -2 3 31 4 
-10 -12 -9 -1 1 -4 -40 10 
11 -18 -13 -8 -8 -9 15 11 
1 4 -5 -4 -4 2 7 -15 
8 17 20 3 0 -5 -9 17 
26 15 -4 -11 0 4 24 13 
-3 8 22 9 4 -1 -20 -20 
26 5 -1 -2 -2 3 15 -24 
-17 -27 -28 -5 -9 -7 7 9 
17 2 -3 2 5 7 4 14 
-20 -4 17 4 -3 -11 -33 -33 
-11 6 17 1 -3 -5 -20 -8 
-16 7 5 -4 -5 -10 -13 22 
-7 -2 7 17 4 5 41 -14 
4 22 24 4 1 1 -24 31 
5 1 5 6 4 2 -17 4 
13 19 1 -3 -1 4 34 -4 
-5 3 11 2 -1 0 6 3 
7 2 11 7 2 -9 -62 18 
-12 -7 -4 0 1 4 10 -33 
-6 -14 5 7 0 -5 -9 35 
16 -5 -3 -1 -3 -1 17 17 
-3 -13 -13 8 3 1 11 -34 
10 23 37 6 -1 1 11 -5 
19 10 13 -2 1 -1 -8 27 
2 19 23 -1 0 -1 -22 41 
5 -2 3 12 6 1 2 13 
-18 -11 -2 2 2 6 19 -26 
17 -2 -7 -11 -8 -6 -27 -1 
-24 -10 6 9 4 6 14 10 
6 6 5 3 -1 -3 -39 -7 
-6 2 -2 5 3 0 -18 -25 
-18 -2 0 -3 -2 -6 -22 -10 
16 0 -2 0 3 4 -9 -16 
33 21 2 -7 -2 -2 -9 4 
-22 -27 -27 -1 -2 2 7 -1 
-14 8 7 1 1 8 36 2 
7 14 13 7 -1 -1 6 14 
-13 -3 6 0 1 4 -1 -12 
1 15 30 8 2 3 -1 -26 
-13 3 -12 -13 -7 -7 11 -6 
-7 5 24 5 2 -4 -23 19 
4 -5 -5 -3 0 1 22 10 
3 8 10 5 2 4 2 -6 
20 -6 -20 -9 -2 -2 2 17 
-6 -2 0 -3 -1 -5 -41 -18 
-3 -2 6 3 1 -2 -14 -29 
10 10 6 2 -4 0 23 -5 
-20 -12 -9 -4 -1 -2 -23 -17 
-7 -10 -2 2 -1 -6 -35 14 
4 10 15 6 -2 -8 -40 0 
11 17 22 9 5 8 24 -16 
-7 1 6 0 -3 1 -6 1 
4 -3 3 4 4 5 12 17 
-8 -5 -11 -3 -1 -2 -20 32 
-7 -2 -12 -12 -6 -4 2 -7 
-12 -10 1 1 -1 1 13 13 
5 9 13 1 -1 4 15 -16 
20 14 4 -9 -2 2 19 -1 
5 17 8 4 0 1 17 8 
-9 -11 -21 -4 -3 -6 -18 -40 
5 1 -27 -5 -6 -7 8 20 
-15 -15 1 -3 1 1 -2 0 
-4 13 -10 -6 -6 -4 12 -1 
10 0 15 10 5 5 6 6 
-2 6 7 -1 2 3 8 -2 
-11 23 10 -1 0 -5 -12 -3 
-5 1 20 11 5 3 13 -1 
25 14 13 0 0 -2 -10 -4 
-10 -8 -5 -1 -1 -6 -3 22 
12 5 7 3 6 8 9 20 
-22 -19 -14 -6 -6 -7 -25 -15 
9 15 18 9 3 -2 -23 3 
-3 1 3 3 0 -1 -1 -23 
2 -7 7 -1 -3 -5 8 0 
10 -2 4 7 4 6 16 19 
8 -5 -7 -7 -5 0 -6 10 
-13 2 -3 -5 -3 -7 -36 -13 
-7 2 2 3 1 0 -1 19 
1 -6 1 0 -2 -3 9 -3 
-12 -12 -16 -9 -6 -2 8 1 
-1 -26 -20 -4 -1 -3 -17 -1 
7 12 -1 -2 1 4 24 -10 
-12 -12 -28 -10 -5 -2 9 -12 
-1 -7 -3 -8 -6 -6 3 5 
13 6 5 2 -2 -1 -2 1 
3 9 9 4 5 4 27 8 
2 -12 -4 -4 -3 -4 -4 13 
18 15 14 2 -1 1 6 12 
-1 -1 -8 -4 -2 0 28 -3 
5 -5 -3 -1 -1 -5 -34 14 
-23 2 7 3 1 -2 7 -7 
-3 -10 -5 1 -1 -1 -22 -4 
8 1 1 0 0 -3 -21 27 
-8 1 -19 -10 -7 -6 5 -10 
-12 -10 -20 -10 -4 -3 -9 -4 
0 -3 5 0 -1 0 4 -24 
29 6 15 -2 -4 -1 -12 -3 
2 4 11 2 -4 1 31 -18 
-13 -12 -3 15 9 5 6 11 
-18 -30 -29 -7 -6 -7 -18 -6 
11 13 18 6 7 5 35 8 
1 -5 -16 2 6 0 -51 -8 
3 15 -2 -11 -9 -6 0 14 
12 14 9 0 -1 1 -15 0 
-12 -4 -20 -2 -2 -4 -5 0 
-17 -9 -16 -15 -19 -13 -25 -31 
10 12 -13 3 6 6 34 18 
-14 -20 -6 2 3 -2 -2 9 
-2 0 9 6 5 5 7 -3 
6 -4 6 5 5 6 -18 2 
-4 -1 -7 -5 -2 -3 6 -4 
20 9 4 3 8 6 3 6 
22 23 1 -14 -6 1 4 -3 
3 4 13 6 0 -2 -9 -2 
-42 -5 -11 -6 -1 -4 14 -3 
-5 2 9 6 0 -1 -4 -21 
-9 0 -8 -2 0 2 10 -17 
39 14 16 6 1 3 11 9 
-9 -6 -1 6 6 4 13 -11 
8 -2 -8 -5 -6 -6 -8 -10 
14 7 3 1 5 2 -16 27 
-25 -28 0 -4 -6 -5 -15 -13 
22 19 17 9 2 -3 -2 19 
-25 -24 -28 -10 -4 -7 -13 -25 
9 -8 3 -2 -2 -2 -7 26 
-2 -27 -42 -19 -12 -5 -2 4 
15 16 9 -3 -2 -2 1 -1 
2 10 10 10 2 2 -15 -14 
-21 10 14 8 7 7 9 34 
9 5 8 5 2 -4 -13 13 
-33 2 -6 -4 -2 -1 10 -6 
4 -5 6 -1 -1 1 -21 -4 
-49 -15 -3 -3 -2 2 19 -13 
13 15 7 -2 1 3 -3 3 
24 -5 -3 -1 2 2 -2 5 
23 8 2 3 2 -1 0 10 
18 -9 -11 -9 -10 -6 -1 -7 
10 25 19 2 0 3 8 12 
10 -5 0 3 1 -2 -6 0 
11 36 15 3 1 4 13 4 
1 -6 -3 -2 -4 -8 -9 -22 
-3 9 3 -5 -4 -2 8 -3 
14 0 -6 -5 -1 -2 10 4 
-6 -12 -20 0 1 1 -2 9 
-7 11 21 -5 -4 -3 14 4 
0 -2 -29 -4 -3 -2 -15 -6 
-14 -19 -18 -3 -1 0 5 7 
-5 -27 -16 0 -4 -9 -51 -8 
-7 -7 -13 -3 0 4 17 12 
-8 -24 -13 -5 -2 1 6 -22 
22 8 -8 -5 -2 3 9 2 
2 -7 0 -1 -1 -2 6 -3 
8 21 12 -1 -2 0 2 -26 
18 -4 0 -2 -2 -3 -1 -5 
7 -24 5 0 0 5 32 4 
-10 3 2 1 -2 -2 -5 -1 
-11 0 -6 -3 -1 0 -9 -4 
-4 6 12 1 -4 1 12 -11 
-15 -22 -14 -8 -5 -7 -15 -6 
11 14 9 3 -3 -2 0 -2 
15 27 17 7 4 1 6 17 
2 -32 -25 -6 -6 -4 -3 -10 
-8 -6 -10 -3 -1 -1 -4 -1 
2 0 0 2 -2 3 2 3 
10 12 6 2 2 1 -5 -4 
11 -18 -13 -5 -4 -11 -9 8 
-1 2 1 0 -1 -6 -22 -7 
-7 4 -6 -3 -1 1 20 24 
28 -7 -11 1 -3 -1 -1 15 
-46 0 11 4 2 -1 -28 -9 
-10 -10 -9 -2 -2 -2 -13 -17 
-15 -10 -4 -2 -2 -4 -13 14 
2 -12 -3 -6 0 0 -15 -28 
-9 9 4 0 1 1 14 -9 
3 -10 0 2 -3 -1 15 9 
-13 7 17 7 4 -3 -28 -2 
-12 -3 -6 -4 0 1 -1 -13 
-11 3 16 7 3 0 6 -11 
-6 -10 -15 -7 -5 -4 -7 -33 
16 -1 -22 -8 -5 1 16 0 
-1 -10 -14 -6 -2 3 3 -18 
-1 -10 -20 -7 -2 -4 -2 1 
7 14 21 9 2 3 12 -7 
4 16 12 0 -1 0 0 -3 
15 -13 -14 -9 -4 -4 -1 7 
7 2 1 -3 -4 -7 7 -2 
2 -14 -13 -3 2 3 22 16 
2 10 1 0 -2 -2 1 -4 
-12 -2 2 -5 -1 -3 -10 1 
-1 0 7 -10 -3 5 18 1 
18 -2 -19 -9 -4 -2 -15 14 
-10 -8 2 7 4 1 -13 -13 
22 11 3 10 3 -3 -22 4 
-15 5 -4 4 -3 6 21 -15 
8 6 6 0 -2 -5 -5 10 
5 3 -6 -8 -2 4 32 -8 
-3 -7 -6 -4 -2 1 0 -5 
34 25 8 -5 -2 -1 0 33 
9 -4 -21 -9 -2 -5 -19 7 
-9 -10 0 3 0 -7 -13 28 
-4 -8 -14 -6 -2 0 2 -9 
12 5 8 -5 -7 -5 1 12 
-8 1 6 1 2 -2 -9 -10 
-12 -3 6 4 1 1 23 -24 
-8 -3 16 10 4 -2 -9 -10 
-9 -9 -5 -2 1 -5 -8 17 
-30 -7 5 2 2 1 -4 -1 
3 0 0 -1 0 9 23 20 
1 -5 3 1 1 -2 6 14 
11 0 -9 -4 -4 -3 -14 -12 
6 8 -2 3 2 8 35 6 
-9 -2 2 4 -1 -4 -6 -13 
-9 -3 -19 -14 -4 -2 -17 -10 
-7 17 19 11 3 2 -10 -11 
-16 -12 -14 -11 -6 -7 -8 10 
9 14 10 3 2 3 -4 -2 
-2 -16 -19 -6 0 0 4 6 
11 1 4 0 -1 1 38 30 
-7 -13 -13 -3 -3 -7 -62 -15 
10 16 -22 -4 -5 -5 -10 2 
-5 -6 -9 -18 -3 0 -15 -14 
-5 -3 -1 -5 -2 -3 -13 -15 
-3 7 -7 -11 0 -1 12 13 
-1 -9 2 6 0 1 2 -10 
-11 -1 -7 -18 -6 -2 2 -8 
23 8 22 25 5 0 -2 -6 
-4 -15 -19 -17 -3 -7 -35 5 
-16 -22 -25 -3 -2 -10 -47 7 
-1 5 7 -6 -1 1 14 12 
-12 -14 -13 -3 -3 -6 -24 -35 
-3 -6 -2 1 1 0 -3 -9 
-15 -13 -9 -8 -2 -2 7 13 
4 -1 3 9 0 -1 9 3 
2 0 1 -3 -3 -3 -1 2 
2 17 19 9 5 5 -7 -2 
-26 0 3 -2 -3 -3 5 2 
25 7 19 9 4 1 -2 12 
-11 -5 -1 2 1 -4 -12 -18 
11 -6 -12 -19 -8 -3 4 1 
-17 -12 -2 1 -1 5 -7 -8 
-3 1 -4 4 0 0 4 -3 
-2 -26 -31 -9 -4 -1 24 21 
1 2 -5 1 -2 -1 -5 -12 
-12 10 2 -8 -2 0 -8 -2 
5 3 4 1 -1 0 -8 -11 
16 -8 -8 -4 1 5 11 10 
1 -10 -12 3 0 1 4 8 
-2 15 8 -1 1 -4 -29 -12 
12 13 18 12 6 5 18 6 
-13 -2 4 3 -1 1 7 -6 
0 -2 21 18 9 6 23 10 
5 -2 1 -5 -2 -2 2 -4 
3 2 -8 1 -2 -6 -16 -10 
6 -7 3 7 2 5 60 25 
-21 -14 -15 -3 1 -1 1 7 
5 -4 5 11 5 5 9 -17 
-7 8 6 5 2 -1 -38 -14 
9 -1 -11 -8 -6 -5 -28 -3 
-3 -7 -18 -6 -3 0 5 18 
-11 -4 -1 -11 -4 -5 -15 -20 
-10 -13 -14 -7 -1 0 21 22 
-3 2 6 4 2 4 21 -4 
19 -5 -10 -7 -4 -4 -24 -19 
14 4 2 -1 -1 1 5 11 
-9 -2 3 -3 -4 -2 -12 -10 
11 12 13 11 4 3 5 13 
-1 11 11 -4 0 0 -2 -3 
-3 -1 -3 -4 -3 -4 -7 7 
-9 5 7 2 3 0 -5 -8 
2 11 4 -10 -4 -1 3 3 
-5 -14 -20 -1 -4 -5 -14 -4 
-8 -15 -14 -3 -1 -4 -21 -20 
3 -17 -31 -14 -9 -9 -6 9 
-1 -3 2 4 0 -1 18 -1 
6 12 13 4 0 -7 -16 19 
0 -1 -5 -7 -1 -1 0 -4 
0 -18 -14 -2 0 -3 -29 -18 
-3 -1 2 -5 -3 -1 6 -18 
4 4 -1 -1 0 0 8 16 
-18 -7 -2 -1 -2 -4 5 -5 
-2 6 -1 -1 0 2 2 7 
-3 1 -1 -4 -3 -3 -35 -13 
0 -4 -9 -9 -1 2 8 -9 
6 14 19 7 2 0 -16 12 
4 1 3 0 -1 -4 -3 7 
10 -5 3 6 1 0 -2 -13 
-17 4 1 2 -4 -1 20 15 
3 2 8 2 4 8 21 -3 
-3 6 7 -1 2 2 9 -2 
2 7 22 11 5 2 0 24 
-23 -5 -3 -2 -1 1 -4 -13 
-9 -11 -7 -3 0 4 25 10 
-10 18 18 6 3 3 1 2 
-9 -19 -36 -15 -6 -7 -10 -4 
32 8 17 10 4 0 -30 8 
22 9 10 2 -1 -4 1 21 
-3 2 7 4 3 7 19 21 
6 8 5 0 -1 2 10 4 
-4 -27 -18 -6 -6 -7 -2 5 
-8 -6 5 -1 -1 -1 2 -23 
-3 -4 -8 -3 1 1 7 -8 
3 3 -5 -4 -7 -4 -7 -16 
-5 0 -6 -1 4 1 -13 -6 
0 -18 -26 -3 -2 -1 6 -11 
-2 9 -6 -3 -3 2 25 12 
-8 -24 -30 -11 -7 -8 -6 -2 
-4 6 3 2 1 0 14 -2 
-10 -4 0 -2 -4 -4 -4 -7 
-4 3 3 3 1 4 19 -7 
1 2 4 0 1 -2 -6 9 
4 1 -9 -6 -5 -2 -18 1 
-4 15 0 -3 1 0 -5 -2 
7 5 21 12 6 -1 -29 -12 
-6 -8 1 5 -1 -1 12 12 
5 7 18 3 -2 0 -11 1 
-14 -7 -1 -1 1 -1 -2 9 
5 5 7 1 2 3 9 -1 
8 6 6 3 1 2 8 -4 
-2 4 -10 -7 -1 -2 2 -5 
-15 -3 3 -1 0 -2 1 -1 
-3 -16 -8 0 -1 -2 0 6 
-10 -7 -4 -2 -2 -2 6 -3 
2 -7 -13 -6 -3 0 0 -5 
6 0 -4 -1 1 -4 -13 3 
-3 7 -3 -4 -1 -1 3 -1 
0 0 -1 0 1 -2 -20 -13 
-1 -2 1 0 -1 -1 7 3 
2 1 2 0 -1 0 0 -3 
-1 10 9 2 -3 0 0 -1 
-2 -6 1 0 2 0 3 4 
-3 3 -13 -11 -8 -7 -7 10 
-1 0 -1 0 -2 -1 -6 -1 
1 1 0 -1 -2 -2 1 6 
0 -8 1 5 0 1 -2 -3 
0 -8 1 5 0 1 -2 -3 
-5 -4 0 2 2 1 0 1 
0 0 0 -1 1 0 -3 -7 
1 3 4 -3 0 1 10 0 
1 -2 -1 -1 -2 -1 -3 1 
0 -1 6 9 -2 -4 1 8 
3 -2 1 1 2 1 -1 -3 
-2 -6 -3 0 4 4 9 0 
-2 0 2 1 -2 -1 -1 1 
1 4 2 1 -1 0 -1 0 
0 0 0 -3 1 -1 -6 -2 
0 1 -4 0 0 0 0 -1 
-1 1 -2 -2 -3 -1 -4 -4 
-3 -4 -7 -6 -5 -3 -4 -5 
-1 0 0 -1 -3 -2 -2 -3 
0 0 -2 0 1 -3 -1 -2 
0 1 0 -1 0 1 -1 -2 
1 0 -4 -4 -1 0 -2 -3 
-4 -6 -2 -2 -3 -2 -3 -1 
0 -1 -2 -2 -3 0 -1 -2 
-1 -1 -3 1 -1 -2 3 4 
-1 -3 -2 -1 1 -1 -7 -2 
-1 -1 -1 0 1 -2 2 0 
-1 -1 0 0 1 -3 0 0 
1 -2 -3 0 -2 -2 -1 -2 
-3 -2 -3 -2 -2 -4 -5 -4 
0 1 -1 -4 1 -1 0 -3 
1 1 1 -2 -1 -2 -1 0 
-2 -2 -2 0 0 -2 -4 -3 
0 -2 -1 1 1 1 1 3 
-3 -2 2 -1 -2 1 1 -2 
0 1 -2 -2 -2 -1 1 -1 
0 2 3 0 1 0 0 -2 
0 1 2 0 1 -2 -2 -1 
-2 -1 -2 -1 0 -1 0 -2 
-1 -3 -1 1 -1 1 -2 -1 
-1 0 -1 -2 -1 0 0 2 
-2 0 -1 0 1 1 1 2 
1 0 0 -1 -1 -1 0 -3 
-1 1 1 -1 -1 0 0 -3 
1 -2 3 4 0 -2 -3 0 
-3 -6 0 2 1 1 -1 -2 
-2 -2 -7 -6 -5 -3 -2 1 
-1 -2 -3 -2 -3 -2 -2 -2 
0 -1 0 1 -2 -1 -1 -3 
0 1 -2 -2 -1 -1 -1 -1 
-1 -1 -1 -1 0 -1 -1 -1 
-2 0 2 0 -2 -1 -3 1 
0 -1 -7 -6 -2 -1 -1 0 
-1 0 -2 -6 -3 0 -1 1 
0 2 0 2 -2 -2 0 0 
-1 -1 2 2 1 0 -2 -1 
1 0 3 1 0 2 1 1 
-1 -2 2 0 -2 -2 -3 -1 
0 2 -1 0 -1 0 0 0 
-1 -1 0 -2 -1 0 0 -1 
0 -1 0 0 -1 -1 -2 0 
-2 -1 -3 -5 -2 -1 -1 -1 
-1 0 0 -1 0 -1 0 -1 
-2 -2 -4 -2 -1 0 0 0 
-2 -2 0 -1 1 -1 1 0 
-1 1 1 -1 0 0 -1 0 
0 0 0 0 -2 -1 0 -1 
0 -3 -3 -2 -3 -1 -1 -2 