-21 3 34 38 -32 -39 -34 -25 
-20 -3 25 -111 10 -15 -56 -95 
8 -44 -31 -85 32 28 44 34 
21 -20 -27 10 0 11 15 27 
-7 -6 -24 -66 -10 -7 0 18 
-8 25 58 49 -20 -6 -8 13 
0 25 75 41 -12 -9 9 -8 
18 -9 -72 -60 10 18 8 10 
15 1 -76 -20 -18 -11 -3 -47 
7 16 61 94 -13 -8 33 18 
11 44 49 2 18 9 15 0 
-9 -15 -3 19 -14 -11 6 52 
11 -26 -70 -9 14 11 15 55 
-5 31 28 -11 -4 1 -2 -54 
40 4 -83 -72 -5 -1 -1 16 
-22 0 -23 -77 -34 -26 19 -94 
-55 -21 -8 54 20 31 112 63 
73 -8 65 -58 -37 -30 19 -12 
-47 37 103 64 50 49 -20 36 
49 -25 -54 -40 -9 -9 -51 -47 
-18 -20 -22 -3 -24 -20 -35 10 
-43 0 37 71 9 -3 -4 -65 
22 3 8 18 15 7 19 19 
7 -15 10 -12 -11 -15 -7 -21 
-26 -2 -11 13 0 -7 -17 -8 
-35 -13 5 -50 -17 -8 -16 -8 
-70 -9 40 -21 -7 -9 4 -45 
12 -4 3 -7 -3 -2 27 42 
14 4 28 18 5 3 -4 24 
11 -9 -12 4 -2 -3 8 -16 
-17 -18 -44 -29 -8 -2 2 -15 
14 10 5 -13 1 0 -7 6 
16 -4 8 -7 -1 0 -8 -11 
1 21 19 -15 -7 -6 -8 16 
-22 -12 20 17 1 -2 -10 -75 
3 5 28 6 1 2 -2 8 
5 0 3 -5 -1 -3 -1 25 
-10 3 16 1 0 0 4 -5 
7 8 17 32 6 3 -2 7 
1 0 -1 10 -1 -2 -4 9 
-9 0 -39 -2 -1 0 -6 -24 
6 10 30 10 4 2 5 -1 
0 -6 8 -2 0 -2 1 26 
-3 0 -1 -11 0 -1 3 20 
6 -2 -33 -17 -5 -1 0 -8 
1 -3 0 10 1 0 0 11 
-1 -3 -1 5 0 -1 -5 -1 
-21 -6 -58 -6 -3 -2 -1 6 
13 -6 -51 -61 -11 -5 -3 -5 
-6 2 40 14 -2 -3 4 11 
1 -2 19 9 0 0 0 6 
-3 0 12 7 -2 0 1 1 
14 1 30 42 -2 -4 -1 7 
-13 0 2 -30 1 -1 -3 -14 
-3 20 16 31 1 1 5 19 
-6 2 -9 1 -12 -8 -9 -22 
-12 9 -8 -38 -1 -24 -49 -96 
5 -65 -13 -9 -12 -1 11 39 
-8 7 20 18 3 2 -20 11 
12 -1 1 -22 -14 -18 -29 -15 
12 1 17 23 17 26 37 21 
11 19 38 15 4 7 -8 20 
3 -7 -7 -15 -10 5 17 22 
12 6 -13 -1 -12 -10 0 5 
-7 15 -19 34 22 14 14 4 
3 25 29 -7 1 -2 0 13 
2 -9 7 10 -1 -2 17 -8 
20 9 8 -13 -6 1 0 13 
28 7 76 33 16 6 -4 33 
-4 6 46 8 6 4 -46 -51 
-62 40 11 -8 -21 -32 -30 -64 
-7 4 -78 -91 4 19 62 71 
-52 -61 -73 -77 -41 -37 33 17 
72 112 114 94 39 26 1 46 
-37 -5 -116 -79 -26 -24 -23 -62 
-8 -33 -16 -36 -18 -21 -54 -31 
-47 17 -35 -19 -15 -16 -20 -2 
18 5 -4 -7 3 3 -5 13 
-23 7 46 30 -4 -8 -16 -35 
16 5 8 -3 3 -3 -2 10 
9 -6 -29 -11 -3 -3 -6 12 
-7 25 30 30 5 3 19 18 
3 -17 -44 -25 -8 -5 -11 2 
15 1 -6 4 2 0 -3 -1 
0 -5 -4 -2 -3 0 1 -30 
-2 5 17 -14 -1 -1 0 -1 
-3 5 13 5 -1 -3 -5 -27 
28 -7 -49 -24 -6 -2 17 21 
-12 -7 -15 -17 -8 -4 -5 4 
10 -2 -7 -1 -3 -3 -9 -21 
5 -24 -3 14 5 2 4 21 
-11 4 55 -9 -7 -6 -7 -24 
-8 -1 -32 6 0 0 -5 -22 
-9 -5 -52 -45 -19 -10 -5 -13 
-7 -4 14 9 3 -1 0 13 
2 -6 12 9 2 1 2 -13 
6 -13 51 21 2 -4 -7 9 
-5 2 -3 -4 1 4 0 16 
-5 -1 2 24 4 1 -2 -6 
5 -15 -50 -20 -5 -3 2 15 
0 -1 23 20 0 -2 5 -8 
6 0 10 8 0 -1 -7 29 
0 -12 26 18 -1 -2 -4 -3 
-6 9 9 -2 -2 1 16 1 
8 -16 -4 -13 -4 -3 -6 3 
-7 27 66 30 4 1 2 -12 
1 1 -2 16 7 5 -3 -2 
3 8 52 8 1 1 -1 4 
-16 10 -23 -16 -3 -3 -7 -25 
-3 7 2 2 1 2 -4 -10 
17 -4 -32 -45 -11 -6 -2 7 
-10 2 1 9 -2 -1 -4 -4 
27 22 2 8 17 10 6 0 
-12 -1 -51 -25 -11 -6 -6 -10 
1 17 -25 0 -6 -7 -8 -7 
-39 -35 -101 -35 -8 -7 -7 -8 
16 2 -2 9 0 1 -26 7 
16 2 -2 9 0 1 -26 7 
-26 -8 18 2 -3 -6 -29 -62 
-4 -10 -26 -16 -15 -20 -18 12 
0 -12 26 18 -1 -2 -4 -3 
-5 -7 6 -14 -4 -3 -2 -4 
18 -21 41 14 1 4 -12 37 
15 39 8 20 13 13 29 15 
-76 -31 53 -11 -14 -8 -31 -68 
-13 -26 -1 -20 -15 0 6 39 
57 10 40 41 41 27 1 16 
1 0 -49 -8 -24 -18 -12 0 
11 19 17 27 27 17 -4 -10 
-15 -8 -30 -45 -11 -6 -9 -10 
3 -3 -26 2 -1 -1 12 -3 
-1 -24 -22 -27 -17 -17 -6 24 
-11 -11 28 -8 -2 4 -30 -63 
-3 3 -3 18 8 1 6 9 
-2 7 4 6 8 11 -32 -2 
50 9 -13 33 26 19 23 51 
-14 54 88 48 22 21 62 -47 
37 -23 -41 -53 0 5 10 -49 
-29 35 79 65 7 -14 -82 1 
-58 11 -84 -64 -23 -6 -18 107 
36 1 31 20 30 43 4 -18 
-61 -69 41 8 5 -3 -17 -28 
-28 -20 -48 -40 -14 6 24 -36 
-30 -18 21 -11 -21 -4 -35 15 
46 31 51 75 23 6 1 7 
-19 26 -4 -76 -4 4 22 -22 
29 7 92 44 11 11 6 -21 
-26 -5 102 -12 -18 -18 7 12 
-34 47 1 5 14 13 7 -9 
-10 -25 -128 -56 -15 -11 9 -30 
30 21 36 -1 -5 -6 -8 56 
38 -11 -43 -30 -9 -8 9 -8 
5 -9 -28 -14 -14 -16 19 3 
21 -8 40 50 5 -1 -9 20 
20 11 38 11 -5 -6 -12 32 
-13 11 -12 2 1 2 18 1 
31 -16 -15 1 -5 -4 -3 20 
-12 -6 5 5 -5 -3 -12 -26 
2 5 -14 0 3 0 9 11 
10 -1 -14 -11 -1 1 -4 -1 
5 1 21 -27 -6 -6 -6 -15 
-15 15 -42 -26 -4 -1 -3 7 
0 -2 20 -6 -5 -6 -12 -16 
-1 -17 -34 -38 -12 -5 3 17 
13 -13 2 -9 -2 -1 -12 18 
-14 22 -3 18 4 0 -2 -46 
9 -3 -10 2 3 0 -1 8 
-12 -4 -10 13 0 2 9 -6 
-15 -18 -55 -19 -3 -3 -5 -17 
-7 17 -27 -8 2 1 0 -10 
13 -10 14 15 4 3 4 13 
-22 -1 20 -5 0 2 0 3 
-4 14 18 4 1 1 -3 -56 
18 6 -9 -1 -3 -3 -1 20 
-8 -44 22 8 1 0 3 -8 
4 13 -7 -5 -1 -2 0 2 
0 -13 -28 -30 -5 -1 -1 -9 
-25 -19 -62 -12 -4 -3 0 6 
3 -2 -13 5 1 -1 5 1 
-6 -19 13 -2 -2 -1 -1 -15 
8 -4 15 7 -1 1 2 6 
1 3 -25 -8 -3 -3 -5 -19 
-8 7 -32 -5 -1 0 -1 1 
-11 -11 -21 -20 -4 0 -2 1 
-1 18 8 11 3 2 4 11 
-5 -2 11 -8 -1 0 -1 -2 
12 12 -6 13 -1 -1 -3 -8 
1 -14 -25 -10 -6 -4 -3 8 
-1 6 2 0 3 2 2 3 
23 14 17 23 4 4 2 20 
7 -1 4 5 2 1 -5 -38 
-3 -9 -13 6 -3 -5 -2 -12 
-8 -22 -21 -44 -3 0 -2 -2 
-8 -3 6 16 -3 -3 1 10 
-9 -5 -28 -11 -4 -3 0 -6 
1 -7 -11 -1 3 2 0 -1 
-5 -9 -8 1 1 1 -1 7 
-4 6 32 0 1 0 0 0 
-2 -10 3 -24 -6 -3 -2 9 
-3 11 41 23 2 0 3 -3 
7 9 51 26 8 2 0 11 
0 2 9 25 2 -3 0 2 
-3 4 -32 -39 -5 -1 0 0 
11 8 2 13 -2 0 -1 1 
-21 -1 -12 -3 8 5 4 3 
11 11 -11 -2 2 2 2 22 
-11 11 25 51 -7 1 17 54 
-87 -53 -41 -6 -10 -7 -37 -88 
-2 -32 -26 -24 -7 2 9 -9 
20 12 -1 -48 -7 -1 -2 11 
-25 -40 -54 -5 -1 1 -13 -33 
4 6 -3 2 3 3 2 -19 
-16 -18 -41 -17 -15 -9 4 30 
9 5 26 1 1 -7 -20 -14 
-4 4 19 31 19 16 34 -19 
47 6 -4 -33 -20 -11 -19 2 
-40 -5 -53 -22 -8 -4 -14 37 
7 -14 19 12 1 -6 -27 60 
28 30 50 16 2 11 21 44 
-13 11 19 0 0 -5 -11 15 
4 -11 -14 13 4 -2 5 -20 
16 3 -42 -34 5 10 7 10 
16 20 -74 -15 -25 -20 -3 2 
-7 14 -1 -25 44 23 2 18 
-2 5 20 9 11 5 8 -24 
-26 -31 -55 -7 -12 -5 19 2 
15 5 -17 1 -8 -13 -24 -89 
-16 -4 -16 -29 -4 0 31 -3 
5 5 12 1 7 8 13 7 
11 18 50 25 4 2 -7 -1 
20 -27 7 -2 -14 -4 4 -30 
-4 -25 -14 -34 5 5 -3 21 
13 -4 24 16 0 2 7 15 
4 34 56 18 8 4 5 12 
14 -17 -79 -45 -14 -10 3 -6 
0 15 -64 -37 1 9 12 24 
15 6 7 5 0 -17 -18 -61 
-55 -22 7 60 -7 -7 25 -70 
9 30 58 41 21 19 20 35 
-4 -22 -112 -9 0 3 6 -1 
11 -8 6 -6 -8 -6 -18 18 
-2 -4 -1 -1 -1 1 10 30 
-2 1 12 -13 1 5 -5 18 
-12 20 22 -12 -10 -8 -11 9 
-1 -7 -41 -21 -5 -2 -13 2 
1 9 11 5 -1 1 -1 9 
1 -7 -51 -18 -6 -4 -7 -7 
-1 -21 -12 0 -1 -1 1 -2 
-3 -2 22 -3 0 0 -5 3 
9 -6 2 -5 -1 0 -3 7 
-8 -9 -28 -30 -6 -4 -7 -10 
1 4 22 16 4 1 -2 0 
-4 -1 -5 6 0 -1 -2 -2 
-3 1 8 -3 -3 -2 -3 -2 
1 1 13 12 1 0 -2 -6 
0 -2 -11 -5 -1 -3 -2 -4 
0 11 17 14 4 -1 -3 -1 
-10 -11 -17 -29 -9 -4 -6 -3 
-3 -2 0 2 1 1 1 -2 
-3 -2 -4 -1 1 0 -1 0 
-1 4 0 5 1 0 -1 -1 
-2 -1 -4 -5 -2 0 -1 0 
-2 0 7 1 0 -1 -1 -1 
2 2 2 1 -2 1 -3 0 
-3 -7 6 6 -1 0 1 2 
-1 5 -2 2 -2 0 0 0 
-1 0 0 -1 -1 -2 -1 -2 
-1 6 0 -2 -1 -1 1 -1 
1 10 2 -1 -1 -1 -1 2 
-3 -9 -1 3 1 -2 -1 -2 
1 -2 -2 1 -2 -2 0 -1 
-2 -3 -2 0 0 0 0 -1 
-3 -6 -7 -4 -1 -1 -3 -1 
-1 -2 -1 -2 -1 -1 -1 -1 
0 0 -4 0 1 0 -1 1 
0 -2 0 0 -1 0 2 -1 
-1 -5 0 -3 0 -3 -1 -1 
-1 9 5 1 0 1 2 2 
-5 9 8 5 1 -1 0 -1 
0 -4 -2 -2 -2 -1 -2 -1 
1 23 4 -1 0 0 0 -1 
-5 -34 -15 -2 -2 -2 -2 -2 
1 -16 -9 -6 -3 -2 0 0 
0 -3 -4 -2 -1 1 -1 -1 
2 24 9 4 3 1 -2 0 
1 -1 -1 -1 -2 -1 -2 -1 
0 -7 -2 0 -1 0 2 0 
-3 -12 -4 -1 -2 -2 -1 -3 
-2 -1 1 0 -3 -3 0 0 
0 3 0 -2 -2 0 -2 0 
-4 -3 0 1 0 -1 -1 -3 
1 -4 6 -2 -3 -2 -2 1 
0 0 -4 -1 -1 -2 -2 -2 
-2 -2 -1 -2 0 -2 0 -1 
3 12 2 -2 1 -1 0 2 
-3 -4 -3 -2 0 -1 0 -1 
-2 -7 -2 0 -2 0 1 0 
0 -4 -3 1 -1 -3 -1 -3 
2 4 1 -2 -1 -2 0 -1 
0 -8 -2 0 -3 1 -1 -1 
-1 3 0 -1 0 0 0 0 
1 2 2 0 1 0 0 0 
-5 -15 -5 1 0 -2 -2 -3 
-2 -2 0 1 0 -1 1 -1 
0 0 -3 -1 -2 1 -1 0 
-1 -3 -2 -2 -1 -1 -1 -1 
-2 -15 -4 -3 0 -1 0 -1 
-3 -14 -4 -1 -1 -3 0 -3 
0 1 -2 -1 -2 0 -2 0 
0 3 -2 -2 -2 0 -2 0 
0 -3 0 1 0 -1 -1 -1 
2 4 1 -1 -3 0 0 1 
0 11 -3 -1 0 -1 -2 1 
-2 -3 -2 -2 -2 -1 -1 -2 
0 7 1 1 -1 -1 -2 -1 
-2 -2 0 2 3 0 0 -1 
-2 3 0 0 -1 -1 1 -1 
-1 -2 -1 0 0 0 1 -1 
1 -9 -1 -2 -1 -2 -1 -1 
1 2 0 -1 -1 -1 0 -3 
0 3 4 -2 0 1 -1 2 
-1 -2 0 0 -1 0 0 0 
0 -2 -3 -2 -2 -2 -1 -1 
-1 1 1 -2 -3 0 0 -1 
-1 -2 -2 -2 -1 1 0 -1 
0 7 1 -1 -1 1 -1 -1 
0 0 -2 0 0 -1 0 0 
2 0 -3 1 -2 -2 -2 -2 
-1 2 0 0 -1 -2 -1 -1 
-1 -7 -2 0 -3 -1 0 -1 
-2 -3 -1 3 2 1 -1 -2 
-3 -11 -7 -2 -1 -2 -2 -1 
-1 0 -3 -2 -2 -1 0 -2 
1 -1 0 -1 -2 -1 -2 0 
2 0 -1 -2 -3 -1 0 0 
3 10 2 -1 0 0 0 2 
-2 5 5 -1 -2 -1 1 0 
1 3 0 1 -1 -1 -3 -1 
-1 2 1 -2 -1 1 2 1 
-2 -16 -10 -3 -1 -1 -2 -2 
-3 -5 -1 -1 -1 -4 -3 -1 
2 8 2 1 -2 -2 -1 0 
-7 -20 -1 0 -1 1 0 -2 
0 -2 -1 -2 0 0 -1 -2 
-3 -18 -6 -2 -3 -2 -2 -1 
0 -2 0 -1 1 0 1 -1 
1 7 4 1 1 -1 -2 0 
1 9 0 0 1 -2 0 0 
1 6 0 -1 1 0 0 0 
-1 1 2 2 -2 -1 -2 -1 
0 1 0 0 0 0 -1 1 
0 5 0 0 -1 0 0 -1 
0 -8 -3 -3 -2 -3 0 -2 
1 2 -2 -1 0 -1 -2 -2 
-1 0 -1 1 -2 -2 -2 -1 
0 5 0 0 -2 0 0 -1 
-2 4 3 -2 0 1 -2 1 
0 0 -1 -1 0 -1 0 -2 
0 1 2 0 -1 -1 -1 0 
0 -9 -2 2 0 0 -2 -3 
-1 8 -1 -1 -1 1 -1 -1 
-4 -28 -9 -2 0 -1 -2 -4 
-1 3 0 -2 1 1 0 2 
0 15 1 1 1 -1 -1 -1 
-3 -5 1 3 0 0 0 -1 
1 1 1 -1 -3 -1 -2 -1 
-1 -6 -4 0 -1 -1 0 -1 
-4 -25 -13 -3 -3 -2 -1 -4 
0 2 3 1 -1 -2 0 0 
0 3 -2 -3 0 -1 1 -1 
-3 -16 -1 -2 -2 -1 -2 -2 
-1 -4 -3 -2 0 0 0 1 
3 6 6 1 1 -2 0 0 
1 -1 1 0 -1 -1 -1 0 
0 1 -4 -1 0 1 1 2 
1 3 -3 -2 -3 0 -2 -1 
-4 -11 -3 -1 0 -1 0 0 
0 3 2 -2 0 0 -1 -1 
-4 -28 -8 -1 -1 -2 -2 -2 
-2 8 1 -1 -1 0 -2 -1 
1 3 -3 -2 -2 -3 -1 -2 
-3 -16 -6 -4 -2 1 -1 -2 
1 6 9 1 2 1 1 1 
-1 -5 0 -2 -1 -1 0 0 
0 11 1 -1 1 -1 -1 -2 
-1 4 1 0 -1 -3 0 2 
-1 5 3 1 -1 0 -2 -1 
-2 -7 1 1 -1 -1 0 1 
0 5 -5 -1 -1 -2 -2 -2 
1 -9 -3 -2 -1 -2 -1 -2 
-1 5 4 -1 0 2 1 0 
0 -3 -2 -1 -1 -2 -1 -1 
-2 -2 -1 1 -1 -1 0 0 
-2 1 -2 0 2 0 0 0 
-1 -3 -1 2 0 1 1 -2 
-2 -5 -2 0 1 1 -2 -2 
0 6 -3 0 -2 -3 -1 -1 
-1 5 6 1 2 0 1 2 
2 2 2 -3 -1 -1 -1 -1 
-2 -3 -1 -1 -2 -2 1 -1 
0 -3 -3 -1 -1 -1 0 -1 
0 7 -2 -1 -2 -1 -1 1 
0 5 1 -1 -1 0 -3 -1 
-1 -3 -4 -2 -1 -1 -2 0 
-1 -4 -2 -2 -1 -3 0 0 
-5 -4 1 2 0 -2 -3 -3 
1 2 -7 -2 -1 0 -2 -1 
1 -1 -2 -2 -1 -2 0 1 
0 -4 2 -1 -2 -1 -1 -1 
0 -4 -3 -3 -1 -1 -2 0 
-2 0 -1 0 1 -2 -1 1 
1 10 3 -1 0 0 0 1 
-1 -2 -2 -3 -1 0 0 1 
3 4 1 1 2 0 1 0 
0 1 -8 -3 -1 -1 1 0 
-1 -20 -7 -1 -2 -1 1 -1 
-1 -1 6 -1 -1 1 -1 -1 
-1 1 -1 0 -1 -2 -2 -1 
-1 -3 2 0 -1 0 -1 -2 
1 3 -7 -4 -3 -1 0 0 
-1 9 4 0 1 1 1 -2 
0 -9 -4 -1 -3 -1 0 0 
0 -4 0 -3 -2 -1 0 0 
-2 -2 -1 -2 0 1 0 0 
-1 2 0 0 1 -2 -1 -1 
-1 -7 2 2 -1 0 -1 1 
-1 -7 -5 -2 -2 -2 0 -1 
-1 -1 -1 -2 -3 0 0 1 
-1 6 -3 -1 -1 0 -1 0 
1 -14 -4 0 -2 -1 -2 -2 
1 14 -2 0 2 -2 2 -2 
-2 -14 -9 0 -1 0 -3 -1 
0 5 -2 -1 0 -3 -1 1 
-3 -6 -1 -2 -1 1 1 -1 
0 4 4 -2 0 0 -2 0 
0 -6 -6 0 -3 -1 -1 0 
1 2 -2 -1 0 -2 0 1 
3 17 10 1 1 1 2 -1 
-3 -7 2 -2 0 0 -1 -1 
1 4 0 -1 -2 0 -2 -2 