0 -3 -1 0 0 -1 -2 -1 
-2 1 -1 -1 -2 0 1 -1 
0 0 -2 -1 -1 -1 -2 0 
-1 0 -1 0 -1 1 -2 -1 
-3 -2 1 -1 0 0 -1 -2 
-1 1 -1 -2 -2 -1 -1 -1 
-1 -1 -3 -1 -1 -1 0 0 
0 -3 -2 0 0 -2 0 -1 
-2 -2 -1 1 1 0 -1 -2 
0 1 -1 -1 -1 -2 -1 0 
-1 -2 0 -1 0 -1 -1 -1 
0 -1 -1 1 -2 0 -1 -1 
-1 0 -2 0 -1 0 -1 -1 
1 -1 -2 0 0 -2 -1 0 
-1 -1 -3 0 0 -1 -2 -1 
-1 0 0 -3 -2 -1 1 -1 
-1 -2 -1 -2 0 -2 0 -1 
-1 -1 0 0 0 -1 -1 0 
1 -2 -1 -2 0 -1 0 0 
-1 -1 -1 -3 -1 -1 -1 -2 
0 0 -1 1 0 0 -2 -1 
0 0 -1 -1 0 -1 0 0 
0 -2 -2 -1 -1 0 0 -1 
0 -1 0 -2 -2 0 0 -1 
0 0 -1 -1 0 -1 -1 -2 
-2 -3 -2 0 -1 -2 -1 0 
0 -2 1 0 -3 0 -2 0 
-1 -1 -1 0 0 0 0 -2 
-1 1 -1 1 0 -2 -4 -1 
-1 0 -1 -1 -1 -1 0 0 
0 -1 1 -1 1 -3 1 0 
1 0 0 -1 -1 0 -1 0 
-2 -2 -1 0 1 1 -2 1 
-3 -7 -38 -18 -5 -3 -3 -4 
-12 -1 0 0 0 0 0 -2 
-2 2 19 10 1 0 0 1 
0 0 3 1 1 -2 1 -1 
1 -1 -1 -2 0 0 0 0 
0 0 -1 0 -1 0 -2 0 
1 0 6 2 -2 0 0 0 
0 2 7 1 -2 -1 -1 -2 
0 2 3 1 -1 -1 -2 -2 
-1 -1 6 -1 0 -1 -3 0 
-1 -2 1 -1 -1 0 1 1 
0 0 -3 -2 -1 -2 0 -1 
-2 -2 -5 -2 -1 1 1 -1 
0 -2 -1 1 -1 -1 0 -1 
0 0 -1 0 0 -2 -2 1 
-1 0 -2 0 0 0 -1 -1 
-2 -1 -1 0 -1 0 1 -1 
0 1 6 2 0 0 -1 -1 
-2 -2 -1 -3 -1 0 0 1 
1 -1 0 -1 0 0 -2 -2 
-2 -1 1 1 -1 -1 0 0 
-3 0 13 4 0 0 0 1 
1 0 -15 -6 0 0 0 1 
-5 30 -38 -18 -2 1 2 3 
67 32 88 26 5 0 1 1 
17 66 79 35 14 9 11 21 
71 -37 -15 2 2 5 6 17 
-117 37 -82 -57 -25 -25 -33 -72 
34 -60 -3 -47 16 3 6 -7 
-53 16 -73 -30 -21 1 16 16 
55 -28 16 125 1 -16 -49 -118 
-33 -42 -44 42 4 18 33 127 
13 65 -28 -4 1 -4 -56 -61 
-17 63 65 -69 8 8 -15 78 
-6 -53 5 -44 23 12 46 5 
-55 -39 7 27 29 -16 -46 -23 
44 111 57 85 -14 26 76 119 
36 -26 15 -26 -7 -2 18 68 
16 4 30 -4 -1 -2 11 81 
-43 45 30 123 7 10 30 -6 
-19 -47 -19 -16 15 11 -23 -128 
-73 -31 -3 -125 17 0 -12 -18 
-97 -83 -41 42 3 -11 -26 -13 
-72 -58 -5 4 -27 5 35 81 
39 -44 -21 11 -12 -18 -58 -67 
-70 57 -24 -67 -30 -17 -29 -47 
24 15 69 116 -3 -21 -4 -37 
65 30 -83 -108 -15 -13 -34 -53 
-30 -88 -9 59 -10 -19 -38 -29 
58 67 44 -17 9 14 6 -69 
-12 -1 -15 19 -25 3 39 54 
72 127 16 -29 8 19 17 43 
127 115 74 50 -17 1 3 75 
41 -26 -50 76 -22 -31 -62 -84 
82 -20 -55 -114 -5 12 50 108 
-69 -114 -40 -34 -21 -26 -67 -128 
-8 127 40 42 45 23 34 -7 
97 127 -5 -3 13 27 27 127 
5 1 -15 -17 -4 -12 -34 66 
25 -97 -34 -51 -2 2 -6 61 
-39 -46 36 -56 63 35 58 6 
99 85 10 -106 21 41 53 127 
-32 -84 -82 -25 -19 -46 -60 -102 
-4 -38 42 55 -2 2 20 73 
108 110 -23 10 -3 -4 -38 -37 
-38 120 44 98 41 32 54 -52 
72 63 -9 -92 -10 -15 -3 31 
-91 31 -5 75 -12 11 22 15 
-118 -81 -26 -11 19 -14 -21 -87 
-65 -22 18 -6 -13 -4 -1 -88 
-4 104 -22 -16 -32 -15 -22 29 
-47 -73 -34 -39 -7 -6 -47 -33 
91 31 -7 -13 -22 -32 3 15 
20 -16 7 82 -5 -13 -25 66 
0 30 -41 -21 12 9 11 27 
-19 -88 42 45 -9 -8 -20 -31 
-120 -128 -32 -39 -16 -16 -64 -76 
83 127 46 45 -8 10 49 120 
-31 -44 -7 14 -1 -14 -41 -65 
100 124 54 60 14 36 70 101 
92 46 -8 69 8 17 41 73 
40 54 28 7 4 11 22 102 
-65 -9 -14 -27 -27 -27 -79 -128 
53 13 6 37 4 13 30 11 
-57 -60 37 -9 34 19 12 72 
-57 -60 37 -9 34 19 12 72 
-123 -121 -70 -13 -14 -29 -19 -84 
74 52 -27 -33 -4 -17 -24 25 
74 -93 28 58 -3 -22 -83 -128 
127 -35 0 -62 -7 19 30 124 
-76 45 -32 23 4 -16 -28 -115 
0 58 6 39 -26 -30 -34 66 
17 76 14 -25 26 29 69 68 
4 110 4 -24 -6 28 52 103 
34 -122 -31 -9 2 -21 -36 -93 
82 21 55 58 -30 -30 -22 -115 
-9 62 -49 -38 6 20 15 77 
-25 53 -45 50 9 -17 -3 -128 
-19 36 56 93 3 -28 -47 -88 
26 -124 -56 -26 27 26 15 36 
-50 -41 2 -96 -18 -29 -48 -47 
-39 -127 -19 -21 -1 -5 -32 6 
-24 14 -31 -80 11 -5 13 -7 
7 43 28 -27 -23 0 9 -3 
-92 -107 -57 76 10 -8 48 -5 
92 56 -20 55 24 35 13 66 
-45 -68 -2 -33 5 7 31 127 
-27 82 -32 -94 -6 6 16 -57 
-12 108 23 17 -28 -30 -69 -111 
-88 -17 -38 33 -13 -2 64 32 
17 -73 37 18 0 7 20 59 
41 52 18 52 -27 11 25 106 
62 80 -4 -12 -2 -2 -23 17 
71 42 42 -1 2 19 57 122 
68 -8 -14 1 26 6 -39 -87 
-11 48 60 33 17 12 -8 59 
-60 -128 -22 -25 -8 -7 0 26 
-45 -80 -31 -4 -20 5 13 34 
-86 36 3 28 -20 9 42 31 
77 -51 4 31 23 -11 -11 -8 
-49 -107 -46 22 -34 -19 -31 -16 
-9 -23 -60 -16 -15 5 12 -40 
11 103 58 25 -10 -26 -17 -36 
-52 -43 -65 29 -36 2 9 -60 
-28 -7 18 11 16 6 -2 -11 
23 -5 -26 -22 6 -7 29 42 
16 127 43 17 -9 20 71 -5 
106 112 3 -19 13 3 -8 96 
97 22 -12 -3 7 5 -3 8 
-49 -7 26 -21 -33 -10 -3 3 
-62 -4 -6 -99 16 7 -8 -37 
39 53 -21 22 4 -22 -52 15 
44 100 31 -7 -1 10 -7 49 
-92 -17 42 -11 4 -18 -29 -78 
-15 112 9 -27 39 18 2 28 
-127 -128 -65 -91 -37 -28 -5 -35 
51 -98 23 72 -18 -9 -10 -67 
-31 -120 -71 6 -1 -3 24 55 
19 80 -16 70 61 43 50 -1 
-32 36 35 26 -13 8 -6 19 
-55 55 9 20 -11 -12 17 88 
13 61 -44 -13 9 6 48 65 
-32 -9 -30 17 -10 -25 -46 -50 
-56 -1 -32 -90 -33 -19 9 83 
-36 25 28 -17 37 14 -31 -25 
112 107 -53 -31 84 39 6 3 
-38 -15 10 -52 23 7 -9 -23 
3 -86 -25 44 -31 -2 37 52 
35 -88 -2 -4 -12 -14 -16 -25 
-5 103 20 14 -10 -1 -1 5 
-40 81 -19 -31 -30 31 24 18 
-21 -112 -26 -12 15 30 7 -15 
-72 -93 -38 -16 -74 -45 -18 28 
69 -45 -43 -21 -92 18 -6 -27 
-4 72 55 14 -63 -21 -19 6 
-25 44 13 51 3 -6 -2 21 
30 59 22 -16 -24 -19 12 124 
9 123 40 108 5 4 -24 -76 
-13 -3 -31 -6 22 -11 42 103 
53 97 69 36 60 17 32 113 
55 58 18 -5 -39 3 3 113 
29 37 -30 24 51 21 -5 -101 
44 108 41 -73 -23 -12 -5 41 
113 -21 4 10 -39 -8 5 34 
48 127 44 -11 -16 4 26 62 
-21 -40 4 33 4 6 -25 -36 
5 -39 5 3 18 6 -54 -87 
-69 -74 -44 19 -26 -24 9 7 
-21 -30 2 -11 -16 4 32 -43 
-78 -111 -4 49 -6 -22 -56 -78 
53 55 25 38 23 32 38 54 
-7 -51 -29 -3 31 5 -6 -73 
-11 -58 -31 4 -28 -10 -1 -5 
-73 -5 9 -12 31 17 12 59 
39 62 -38 -31 -29 -45 -51 -104 
18 109 38 14 26 -3 -12 -30 
-18 -102 -51 36 -18 -18 2 52 
-116 -76 44 1 3 -3 -3 37 
-47 1 17 -39 -9 8 41 73 
101 96 26 11 16 -7 -3 65 
-56 47 -52 -22 -40 -23 19 -33 
97 127 45 13 50 14 27 -39 
70 10 33 42 40 16 -30 -60 
76 45 -15 -63 -53 -28 -51 -88 
-74 -26 -16 5 10 -7 -28 -54 
40 -128 -29 3 -42 -17 -52 20 
92 88 67 35 54 33 33 127 
88 -8 32 23 -33 -9 0 15 
22 99 -1 -6 -38 0 43 71 
-10 -12 -42 12 -20 -20 -19 -20 
30 -42 -5 -39 42 42 24 41 
-21 -81 20 41 70 6 3 -20 
89 0 -27 -31 -58 -19 25 68 
20 84 36 20 -4 11 41 89 
-97 -24 -34 -27 21 -48 -47 -59 
-84 84 21 78 9 59 45 39 
21 7 3 -3 24 16 44 98 
21 81 61 0 -87 16 11 -5 
65 -40 -91 8 24 24 17 -97 
85 72 27 -7 -23 8 -8 46 
-100 -56 -89 -89 20 -12 33 74 
-24 125 50 -5 -4 24 26 88 
45 49 20 41 34 21 26 92 
39 101 1 -37 -5 -1 70 85 
-62 94 28 107 38 5 5 56 
31 80 23 -21 -46 -33 -10 -71 
52 -47 -20 -55 -25 -1 -32 -128 
-39 -12 18 -8 -25 -14 2 21 
-10 10 93 64 27 -14 -79 -124 
39 80 42 18 -43 -33 15 56 
32 -1 -16 12 14 -12 -22 -101 
-77 19 -27 14 -53 -43 -21 -66 
-43 69 40 78 -8 13 55 106 
31 58 -7 8 -29 -8 -45 -36 
34 -128 -32 15 60 40 7 -37 
40 19 -42 -119 -25 -6 -29 104 
10 7 20 -36 -35 -47 -44 19 
-79 -7 -38 21 37 23 -22 -113 
-128 -45 -13 -12 -36 -4 -2 -22 
-65 -128 -39 -58 -13 -29 -30 -29 
10 32 58 0 -25 -26 -3 22 
36 -10 13 10 -5 -2 7 45 
71 75 5 -19 -23 -9 -7 47 
-102 110 21 1 36 -3 -59 -106 
71 -44 -8 22 -8 27 23 53 
29 -34 -12 60 84 47 55 119 
25 -15 1 -10 -57 -59 -57 -80 
-75 -64 -6 -4 -29 22 -10 -51 
-24 95 -4 -23 -19 -19 6 14 
69 91 -4 -10 -23 -11 -15 -49 
-13 -13 -42 33 -33 -18 25 95 
-32 -64 -9 -19 -13 0 -26 -99 
61 -36 1 38 38 41 56 127 
-29 13 -2 -7 -13 -1 -78 -84 
-34 -90 -24 -50 -38 1 24 97 
81 -70 -5 5 17 -9 15 35 
109 115 46 32 -7 4 21 77 
6 104 30 23 13 4 36 108 
-85 30 18 0 -34 1 -16 -44 
-12 -65 -64 -24 42 -1 23 31 
-63 116 51 59 4 11 38 -75 
-16 -70 -50 -35 -9 9 3 -5 
115 105 66 71 5 23 8 21 
-5 -76 -42 -66 -7 27 -17 78 
-9 -70 -57 8 -40 -17 -20 53 
127 127 58 87 44 19 77 75 
-90 -101 -60 -58 -56 22 33 -16 
-64 -33 58 45 52 35 6 -31 
-14 -50 -22 -78 -31 -26 -27 -86 
4 65 -6 -63 -23 -21 11 40 
18 40 -12 -62 -22 -12 -11 -93 
-93 58 46 52 -13 -40 -39 -71 
67 127 -4 -53 6 -7 -28 95 
26 85 -1 -89 12 -25 -23 -103 
-128 -105 -26 -2 -28 -25 -43 -102 
75 2 16 36 11 11 32 79 
6 -93 18 25 -22 9 -1 -17 
21 12 34 41 11 37 37 82 
10 -28 6 -3 28 -11 -5 -69 
64 -28 -36 -101 44 12 3 -75 
-18 43 -1 24 -57 -17 30 25 
-14 -84 -5 23 16 -3 26 8 
119 107 108 7 -37 1 36 107 
-96 -50 -26 43 51 25 10 58 
54 22 -28 -62 -41 -4 -36 -39 
-67 -9 -40 48 -34 14 -2 -19 
-16 -16 4 -34 -35 6 3 15 
19 -1 -20 -10 -38 -35 -61 -25 
-103 63 -32 -34 -16 -19 -22 -56 
60 59 -23 -19 -27 -6 -4 -60 
-42 -35 -2 4 -20 -8 -2 34 
1 29 22 15 68 28 21 10 
-38 -10 10 38 25 6 35 67 
-1 -71 12 34 27 7 -34 -39 
51 31 8 -17 -33 -38 11 127 
104 49 33 -40 7 -6 18 102 
35 43 45 -1 -22 -27 -28 36 
86 -128 -14 -2 -9 -10 -14 32 
-41 -52 -44 1 104 87 17 -71 
-71 28 28 -10 -87 -32 -2 -71 
99 -91 -5 24 104 39 -25 -6 
-16 34 -33 -49 -44 13 33 12 
13 53 17 -10 -21 -29 -5 -19 
-21 23 -16 -12 -4 -6 -20 50 
-7 -71 31 22 33 61 24 46 
20 -104 -73 4 -7 40 30 -7 
23 -64 4 0 80 17 58 77 
-3 125 16 38 55 9 40 -2 
-24 55 -5 -9 -42 25 -13 20 
0 -10 0 -12 -37 -56 -44 -44 
-51 -21 -32 12 -18 -93 -2 46 
76 118 45 44 72 98 74 91 
-31 127 31 -13 -18 9 9 -12 
-27 -55 -54 64 82 -30 -38 2 
37 58 44 0 -78 -51 8 -30 
-21 21 40 -5 48 25 35 68 
-48 28 1 -56 -84 -18 -29 -16 
-45 -87 2 27 96 22 -54 -128 
64 -46 -48 -109 -30 14 5 98 
10 -52 -49 9 16 21 2 18 
43 63 40 67 2 4 -13 -13 
13 6 -5 -48 -44 -34 -22 -68 
-20 -39 8 8 -15 15 28 99 
39 127 31 73 72 40 51 65 
-33 37 24 77 5 -26 -19 60 
-54 -74 6 -25 -48 -31 -34 -16 
-29 33 -30 2 -22 12 -10 -4 
-100 -68 -12 13 9 -6 -37 -54 
-48 -81 11 13 -25 -43 -64 -72 
43 -24 -8 -39 -11 -16 -42 -128 
-97 -21 -39 -84 -26 -1 -3 36 
40 75 19 -27 -28 46 -17 -54 
-5 27 7 -13 38 28 4 -22 
23 120 1 -41 4 -41 -60 -65 
-63 -54 -3 17 -15 1 -5 -54 
12 -117 36 76 100 15 29 127 
31 127 52 14 -18 12 38 96 
81 44 13 39 -28 12 19 29 
69 93 -40 -66 -41 -35 -6 -14 
53 17 -34 21 -25 -61 22 96 
-35 33 -7 -82 -48 20 -23 -71 
-84 -30 5 -77 -39 -18 0 -39 
34 127 20 54 8 -15 -17 64 
12 -25 -5 77 -17 -7 -8 -13 
-62 40 59 -31 9 15 -30 -55 
1 43 20 62 25 18 28 56 
-13 -53 -35 -23 -45 -21 -21 -83 
-96 45 -4 -33 2 -15 -1 -29 
56 -14 51 25 13 26 69 125 
44 31 -29 -33 -56 -95 -46 -96 
108 -31 -13 56 73 26 33 19 
31 -16 -3 29 -11 23 17 109 
-58 -78 53 -18 10 -8 -14 -40 
34 33 -6 45 24 27 -14 -59 
56 -51 11 -1 7 15 16 52 
9 127 41 47 -12 -8 5 77 
-3 53 -48 12 16 17 -26 -45 
47 119 58 10 48 53 93 127 
-66 37 -31 -26 -25 8 -42 -45 
23 66 16 19 -14 -32 -32 -46 
40 -98 11 -42 -43 -41 -22 -29 
-30 104 -6 -14 -30 -27 -8 -6 
116 121 10 43 49 42 60 123 
-81 46 -8 34 -5 16 34 46 
13 67 6 8 6 16 13 49 
32 22 -13 47 95 58 63 127 
-83 24 -11 -64 -43 -45 -8 -47 
-9 -15 -27 0 1 -4 18 20 
-30 5 4 -5 41 14 -21 -40 
50 -18 -7 20 58 24 -50 -128 
-11 -100 22 15 -38 12 18 0 
-8 43 -1 20 17 8 16 -34 
-55 -128 -44 13 15 -24 -4 -89 
99 70 52 -5 38 30 43 76 
115 111 -14 6 0 -8 0 -21 
-13 33 -27 -49 20 -2 16 51 
-17 74 -25 -2 -21 9 -12 34 
-72 17 -11 11 -8 -6 -43 -113 
94 -18 15 -22 -49 -5 15 24 
-7 12 47 36 49 15 -85 -12 
-112 -128 -17 -79 -80 -66 -79 -69 
22 117 -2 65 53 29 14 70 
74 30 18 38 24 22 60 99 
-21 -10 8 -17 16 -9 4 -66 
50 75 28 3 -25 6 8 74 
-26 111 11 20 -20 11 10 -16 
9 4 -15 3 25 6 10 100 
6 -19 23 3 -11 24 57 52 
31 44 -20 -7 -20 -8 22 59 
-60 -128 -37 32 35 -9 12 37 
3 -105 11 16 -27 -16 -18 -5 
4 117 17 -9 10 12 -75 -89 
47 100 -18 -48 -26 -19 35 92 
38 -15 38 -7 -19 11 35 29 
127 34 -9 -58 -12 -21 -29 -29 
-22 -39 -10 12 7 10 3 -27 
20 -42 -12 -10 -14 -5 -4 92 
-48 76 -12 -23 22 12 -26 -79 
25 -20 -11 -40 10 -1 3 -42 
-65 32 1 0 1 4 -16 -50 
6 -9 -7 32 5 -3 11 67 
30 -23 5 22 4 -10 -3 7 
-2 42 3 2 -22 -7 16 25 
-69 -128 5 -15 -3 -1 8 -2 
-94 57 40 52 -9 -23 -29 -92 
-31 -29 -62 -28 -33 -9 36 103 
-25 105 -7 -42 -4 -3 3 47 
26 37 2 43 16 21 -26 -17 
108 16 5 -6 -24 -18 37 101 
17 10 29 15 16 11 11 72 
-39 -56 -38 1 27 7 10 6 
61 33 44 57 -21 -8 -12 -33 
85 102 18 -1 1 1 9 22 
3 -62 -2 9 44 14 -19 -20 
-37 -68 -26 -11 -63 -17 -93 -128 
68 48 15 24 49 22 19 31 
-18 32 -2 -15 -15 -8 12 53 
42 -106 6 -21 -29 -23 0 -54 
-2 -66 -24 -46 17 4 0 -13 
-1 42 -25 21 1 -4 -1 -53 
69 100 -24 -69 -8 -4 15 -21 
7 80 43 29 6 12 28 81 
26 18 15 2 -6 -8 -4 -12 
14 -3 -9 -14 -7 -4 -10 -22 
2 -13 0 -10 -6 -5 -21 3 
-64 -4 -80 -55 -29 -41 -36 15 
34 38 76 35 22 33 3 7 