0 -3 0 -2 -2 -1 -1 -2 
-2 -1 -1 0 -1 -1 -1 0 
-1 0 -2 1 0 0 -1 0 
-1 -2 -1 -1 -1 -1 -1 0 
0 -1 -2 0 -1 0 -1 -1 
-1 -1 -1 -2 0 -2 0 -2 
-4 -1 6 4 0 -1 0 -1 
-15 -13 -38 -21 -7 -2 -2 6 
8 13 34 15 7 2 2 -1 
3 3 71 35 -3 -3 -7 -22 
-3 -9 -10 -52 -16 -10 -9 -16 
-49 -57 -94 -90 -55 -36 -19 -22 
19 29 54 68 28 17 12 19 
-24 -47 90 47 -10 -13 -17 -30 
47 1 59 34 19 12 11 40 
46 67 -73 -46 27 22 16 28 
-15 5 33 93 16 8 7 6 
-30 -54 -99 -127 -49 -20 -9 -16 
35 102 83 124 50 22 10 4 
32 122 96 78 24 13 13 8 
5 -17 -39 -42 -9 -4 -2 3 
2 12 73 49 -13 -11 -10 -12 
18 -34 110 49 12 6 4 14 
-11 -37 -56 -104 -9 -5 -2 -3 
12 17 -55 -11 5 6 4 1 
1 46 37 7 16 10 5 4 
20 91 90 14 22 11 8 5 
3 -8 127 67 9 -7 -10 4 
21 17 98 21 -1 0 0 1 
-27 -103 -94 1 -13 -17 -18 -23 
2 -127 -72 -21 -6 -2 2 36 
-70 24 73 61 11 -3 -8 -49 
-29 23 40 -77 1 8 9 7 
16 -31 91 107 24 9 8 13 
-38 19 -11 -35 12 11 5 -25 
-15 -63 -83 27 5 1 -4 19 
-29 -77 -1 -93 -42 -20 -18 -33 
-6 -5 -110 -64 -6 2 0 2 
18 49 81 59 5 4 10 20 
30 8 39 57 28 20 11 9 
42 70 -30 9 16 16 8 33 
-10 67 -36 27 -27 -26 -24 -104 
-51 46 110 30 2 8 6 27 
46 81 45 -15 3 5 10 44 
-8 -14 11 -2 -30 -20 -5 15 
-2 -1 -53 85 25 13 12 20 
13 -38 -79 -8 1 -2 -7 -16 
-12 37 41 47 17 2 -3 -6 
1 -1 -35 -49 5 4 5 15 
0 -47 -27 14 4 0 0 -14 
-20 -35 -11 -31 -9 -6 -6 -18 
5 -40 19 -65 -36 -17 -8 7 
-52 -7 -47 13 6 -3 -11 -33 
-4 -12 -40 3 -4 -2 -2 -4 
-46 -17 36 -58 -3 0 2 -17 
-9 -74 51 50 -1 -1 -1 4 
17 55 127 114 40 18 10 19 
2 62 73 39 10 3 4 4 
10 -64 -3 32 -5 -6 -6 -27 
4 40 92 26 -10 -7 -2 1 
-1 -89 -105 -113 -37 -22 -12 -13 
22 -25 -66 -8 -22 -17 -11 -27 
9 20 -70 5 18 6 6 8 
-12 -14 -90 10 17 13 5 8 
-13 -55 29 -8 14 11 7 13 
1 43 127 10 -11 -3 0 -6 
1 -39 -102 -27 1 -1 -6 -3 
6 46 68 25 28 21 18 12 
-21 -15 -3 -80 -12 -2 3 -8 
-1 -5 4 -46 -13 -9 -8 -42 
12 84 59 46 21 12 9 45 
-29 -36 3 17 -25 -16 -7 -37 
-19 -53 -108 -91 -61 -26 -18 -28 
4 -12 22 -5 -20 -17 -12 -11 
3 37 45 94 31 12 9 17 
18 -13 13 -49 13 13 7 53 
5 27 47 -21 0 2 -1 -4 
-43 26 -101 -11 2 -1 -4 -39 
-11 -65 28 57 24 11 -1 -42 
-14 -6 12 35 19 12 7 19 
-15 -11 72 -4 -10 -5 -6 -34 
8 -36 -75 -47 -27 -16 -7 5 
-23 -22 105 -18 -19 -19 -15 -48 
-1 -40 -50 2 -7 -6 -4 -3 
39 45 -33 45 8 4 8 32 
-22 35 -5 -95 -10 1 3 7 
-4 67 47 25 12 7 1 -3 
-5 17 -51 -23 -15 -7 -6 16 
17 -1 -12 -27 -9 -5 -6 -22 
18 -67 -82 61 30 14 9 9 
-8 -37 -29 -61 -19 -14 -11 -19 
-5 21 67 19 -15 -10 -1 -5 
-13 -43 -17 -56 -22 -10 -7 -16 
-14 -20 109 -13 -3 -2 -2 -27 
5 17 31 92 30 14 8 6 
0 6 45 8 -2 4 8 14 
-6 10 22 34 7 4 -3 -52 
-7 -5 -38 -82 -20 -13 -6 10 
-3 7 51 109 15 6 1 20 
-10 -116 -105 -100 -19 -11 -6 -7 
-5 70 -3 -10 2 4 7 6 
12 10 78 39 8 1 -4 10 
-2 -25 19 7 0 2 1 8 
-8 -19 41 -9 2 2 2 -41 
6 -17 -24 21 -1 -8 -8 -40 
12 16 -52 -17 5 4 3 14 
3 23 -77 -41 13 18 8 35 
25 -11 -30 3 -9 -10 -1 15 
-19 28 33 14 2 -3 -3 8 
4 -61 -121 -56 -27 -21 -10 -7 
-7 -37 -67 -5 1 -1 0 -8 
-29 37 25 50 14 11 3 -23 
13 33 3 -25 -12 -10 -6 20 
3 10 55 45 3 4 5 31 
-9 41 73 14 -3 -5 -9 6 
-2 34 14 17 12 6 1 19 
-1 22 -65 62 13 3 0 -16 
-6 31 50 6 6 4 -1 -25 
12 7 69 36 7 4 6 5 
-32 -7 8 -20 -1 2 -1 -2 
9 -29 47 26 2 3 1 4 
10 8 8 9 8 3 0 -8 
-16 -74 -50 -42 -19 -13 -8 1 
16 -5 -7 -45 -18 -9 -5 -25 
-50 -49 -65 -36 -13 -8 -4 -17 
21 -28 22 -42 -16 -11 -7 24 
-23 54 127 84 18 12 8 -2 
-6 38 88 64 21 11 11 2 
14 -20 -127 -98 -26 -15 -8 11 
10 -27 -104 9 12 6 3 10 
4 -13 -10 -13 4 2 0 -26 
-3 47 -88 20 -3 -1 -1 0 
-5 -21 -74 -45 -6 -3 -5 5 
5 -18 2 -30 -2 -5 -6 15 
13 8 87 56 12 8 5 -10 
2 45 112 51 11 2 1 11 
8 -11 -24 -24 -12 -9 -3 10 
3 7 23 1 4 0 -2 -21 
21 9 -8 16 7 9 8 30 
3 22 -105 -31 -4 3 1 35 
7 -7 47 34 16 8 5 15 
10 -29 -114 -26 -1 -5 -7 7 
18 19 118 79 21 8 0 -8 
11 5 0 -21 -10 -4 -2 10 
14 -14 79 35 7 2 5 26 
-22 -22 -24 -25 -3 -3 -1 -6 
-17 8 -65 -15 -4 -5 -7 -24 
1 -38 -59 12 4 1 0 24 
-27 -8 -20 -16 -7 -6 -8 -9 
-13 10 118 -1 -3 -3 -5 -31 
1 7 -81 23 4 1 2 -19 
-4 -37 -41 64 21 12 7 13 
-1 -28 13 -24 -24 -18 -10 -11 
0 13 -10 -72 -18 -7 -4 7 
-15 15 32 -6 3 5 1 10 
-11 9 88 71 8 3 2 1 
16 23 -26 -33 -1 0 4 8 
0 -7 -29 -47 -12 -3 -4 5 
5 12 96 -7 -11 -7 -8 -40 
-1 -5 -3 37 9 2 2 13 
-11 7 66 -53 -2 1 0 -5 
-1 28 51 88 16 7 4 14 
9 0 58 118 24 10 6 20 
6 -9 45 24 0 -2 0 -32 
11 30 -82 -53 -12 -8 -8 11 
2 51 63 4 0 0 3 34 
-16 29 -5 15 10 8 8 -41 
-9 -23 63 -51 -18 -9 -2 16 
21 17 36 40 8 4 5 29 
-4 -5 -98 -18 -1 -2 -3 3 
-10 14 71 45 -1 -1 -1 -14 
3 15 44 5 -7 -11 -4 11 
-15 -27 -39 16 1 3 2 6 
-8 -53 -72 25 2 0 -3 -14 
1 12 12 -55 -28 -15 -4 27 
-4 53 43 25 11 8 3 -18 
8 -17 -64 16 13 7 1 13 
-7 -32 -47 -4 2 3 0 -21 
1 -14 -40 -36 -11 -6 -4 7 
1 -26 33 5 5 1 2 3 
-30 -4 -25 -86 -10 -3 -2 28 
4 -10 61 26 -8 -5 -2 -21 
-33 0 -34 -10 -2 1 -2 -14 
15 -55 -45 3 -1 -1 -1 8 
-8 56 -17 19 6 2 -4 7 
-17 -46 -55 -45 -10 -7 -5 9 
32 30 35 8 16 10 6 4 
10 -16 12 -60 -14 -9 -3 20 
-8 -15 -12 -11 -4 -4 1 1 
33 -2 -20 39 24 14 9 42 
8 33 -23 19 7 7 6 28 
-15 0 -39 -1 -8 -5 -3 -19 
42 3 2 -23 -3 1 6 14 
0 -10 75 -3 -4 0 3 -3 
1 10 7 3 -3 -6 -4 -23 
-4 -25 -58 -17 -11 -8 -5 9 
8 28 49 55 15 7 3 1 
13 -31 -26 -39 -3 1 1 -8 
-18 14 0 -20 0 2 -1 -9 
-22 -65 33 -32 -27 -19 -15 -58 
4 -25 -47 -1 8 5 2 -19 
2 9 33 12 0 2 2 21 
-15 9 82 73 21 11 6 -24 
-1 16 40 11 6 4 2 9 
2 -33 -42 -9 -9 -8 -9 -7 
3 0 67 3 -5 -4 -2 -3 
-3 15 -80 -12 4 5 4 22 
11 9 57 -8 3 0 4 26 
22 9 7 17 5 3 4 6 
-13 -6 -4 -6 -12 -11 -9 -6 
14 -7 -16 22 5 2 2 30 
7 39 -62 2 7 8 7 -8 
-12 -12 -34 -9 -6 -3 -2 -1 
12 11 13 30 14 7 7 35 
8 -14 -6 4 3 -1 -3 18 
2 16 -30 22 11 8 6 3 
-26 -26 -90 0 -3 -6 -3 -1 
-11 6 29 7 -20 -14 -10 -10 
12 -18 -50 -21 4 4 2 -2 
20 2 18 15 16 10 7 22 
2 -2 -7 -32 -6 -3 -1 5 
13 43 16 8 11 8 8 -5 
20 40 10 75 25 13 7 32 
3 2 -1 9 7 5 0 -3 
-7 -14 11 22 7 2 2 -19 
-11 -19 44 13 13 6 1 4 
24 -8 -21 -20 -5 -1 2 23 
-4 27 10 30 6 4 -1 -15 
-2 13 -45 -67 -15 -6 -2 -6 
38 -5 -42 -18 -10 -7 -2 31 
6 32 68 -52 -7 -2 3 37 
5 12 99 32 -5 -4 1 19 
-37 -15 -9 -18 -22 -15 -8 -18 
13 -23 -42 -22 0 1 -1 -23 
-11 -31 -31 -18 -1 -2 -4 -13 
-5 30 91 35 7 1 0 19 
-43 -29 20 -13 -2 -3 0 2 
30 -12 -96 38 12 12 6 39 
-31 22 37 -31 -11 -7 -8 -37 
-10 -31 -106 -43 -7 -6 -7 -24 
-3 -12 -74 -63 -13 -6 -5 -17 
-16 -49 -35 -29 -17 -11 -8 -12 
5 13 3 11 5 2 0 -15 
3 34 101 49 14 7 2 -3 
15 24 127 37 6 1 1 8 
-23 4 13 4 10 9 7 15 
-6 3 -15 -40 -4 -3 -6 -11 
14 -35 -27 68 15 5 5 -9 
-2 -42 -64 -86 -14 -3 -2 11 
-9 8 -46 -54 -24 -15 -8 0 
-15 -11 -128 -124 -33 -17 -8 -2 
17 39 60 72 19 8 6 18 
15 0 -86 8 3 3 -1 1 
22 37 105 -15 5 5 3 -8 
-64 37 81 61 12 2 -3 -62 
-8 -2 -40 -39 -15 -11 -4 -5 
-4 2 6 59 7 -1 -1 5 
-9 -11 42 -11 -34 -19 -12 8 
-47 44 47 75 28 13 3 14 
8 -1 -22 26 9 6 4 8 
-12 22 12 18 16 9 9 17 
11 -18 26 23 17 11 5 19 
-7 7 -76 43 14 3 -2 -10 
-18 51 43 19 8 4 2 -13 
15 -60 1 -75 -26 -14 -12 -47 
-59 -12 24 14 -1 -6 -10 -36 
37 17 95 -38 -8 -1 2 26 
29 -13 -58 -26 -16 -13 -7 3 
11 57 80 2 18 11 8 11 
-3 26 20 -43 -10 -3 -3 -12 
-43 -6 -28 -31 -1 1 -4 10 
25 24 76 51 14 8 -2 -76 
4 3 65 27 -12 -9 -7 18 
16 14 -113 25 15 8 8 44 
11 23 58 -10 -6 -2 -4 -33 
-14 24 -33 23 16 12 7 17 
-26 -11 81 -30 -27 -20 -15 -15 
27 10 3 -54 -26 -9 0 -28 
-11 -7 -113 -26 -4 -3 -1 10 
2 -35 13 -55 -9 -4 -2 4 
-7 -18 -97 -29 -20 -16 -11 -3 
-35 13 48 25 12 9 8 5 
3 -26 -10 -4 -5 -2 -3 -41 
26 -21 42 30 -2 -2 -2 6 
-1 -11 -72 -21 -7 -6 -3 18 
-15 -3 -56 -59 -7 2 1 15 
-2 36 12 39 28 18 11 9 
0 -34 -13 -21 -8 -3 -3 -23 
-15 -28 -6 -48 -21 -11 -7 17 
-46 -59 -70 19 8 2 -2 -36 
-13 37 123 86 23 14 7 -3 
21 4 60 52 17 8 7 35 
7 -6 7 34 2 -3 -2 -32 
14 39 59 22 7 3 0 19 
13 32 4 41 9 3 -1 -5 
21 26 4 26 7 2 6 34 
5 -2 -99 -21 -1 1 3 -4 
-38 -71 -85 -28 0 1 0 2 
0 -10 83 40 6 7 4 7 
4 -5 96 51 -3 -6 -1 40 
-2 -57 1 -24 -7 -9 -4 -6 
2 8 51 -13 -5 -4 -2 -2 
-30 0 48 -65 -14 -8 -11 -16 
-3 54 -46 65 14 5 2 3 
27 14 45 -1 -8 1 3 16 
11 -19 23 29 4 -2 -3 -28 
-7 -43 -50 9 -11 -7 -6 -46 
-25 -43 -122 -53 2 1 -3 -6 
35 75 14 53 7 1 0 -1 
-36 -44 -51 9 -3 -9 -11 -4 
12 27 14 -11 -6 -4 -2 4 
-1 -35 -49 -28 -12 -9 -3 13 
0 31 20 -61 -16 -10 -4 8 
-4 9 40 5 10 8 4 -13 
31 -22 -53 -46 -15 -6 -1 38 
-12 22 -2 70 27 11 3 11 
1 -70 87 11 -5 -2 -1 28 
1 18 34 23 3 2 -2 -2 
-8 -48 -18 37 -5 -6 -12 -62 
15 9 -30 7 7 5 5 5 
7 -28 40 -21 -25 -15 -6 12 
11 -26 -85 2 -2 -3 -4 -25 
19 64 -12 -22 3 2 3 19 
26 24 49 53 16 5 6 -22 
-12 -23 -18 -83 -19 -9 -4 14 
-16 -4 -90 14 -1 0 0 7 
6 -45 -38 11 11 7 0 -7 
-27 -6 -128 -118 -28 -15 -15 -7 
1 13 -27 45 1 -1 0 20 
13 46 11 54 29 18 14 38 
-27 -5 -31 -4 -10 -6 -5 -7 
-22 7 -43 -30 0 3 1 -32 
-42 -44 29 -33 -21 -13 -11 0 
4 20 107 -37 -23 -13 -4 8 
-2 -40 43 -41 -11 -7 -3 1 
8 10 72 -1 -2 0 -1 0 
-2 68 -22 -9 4 4 3 -10 
45 -42 -89 -44 -8 -5 -10 -41 
-7 -4 1 -58 -29 -15 -9 -4 
15 37 84 64 12 3 4 3 
-12 5 87 22 16 10 0 -3 
30 64 7 53 12 5 4 28 
-32 7 -41 49 1 -4 -8 -25 
54 -21 25 -16 0 0 2 6 
8 -32 43 12 8 2 -2 4 
27 34 77 56 11 2 3 -7 
-11 -24 -27 25 19 17 10 -53 
-21 3 33 27 -5 -8 -7 0 
35 36 27 -34 0 6 10 44 
-3 -1 -1 36 -1 1 3 1 
3 -5 -27 -10 6 3 6 -10 
16 -10 -69 -37 -13 -8 -12 -3 
-10 71 35 -18 -13 -11 -11 -22 
-18 -27 17 -50 -11 -8 0 21 
6 -25 6 22 7 6 3 15 
17 14 -13 -15 -16 -9 -1 24 
-15 -47 5 20 3 -3 -3 37 
-8 -4 10 34 11 4 0 -2 
4 -11 -80 -51 -13 -8 -7 -20 
2 0 17 7 16 10 6 -4 
4 -18 1 -3 -3 -3 -4 -13 
-14 -16 -5 -9 0 2 3 -17 
-11 -9 -20 -9 -4 -1 0 -5 
0 8 83 48 16 10 8 5 
2 -5 2 4 5 4 3 -1 
-6 -8 -16 -10 -5 -3 -3 -5 
-3 -19 -28 -21 -7 -4 -3 -6 
-3 -3 -12 -13 -4 -3 -1 -2 
-3 -1 -3 -2 -2 -3 -1 -2 
2 2 2 6 1 0 1 0 
-3 -3 1 1 0 -2 0 -1 
0 -3 -4 -5 -3 -2 -1 -2 
2 -1 -1 2 -1 0 0 1 
-1 2 -1 1 -1 -1 -1 -1 
-2 -5 5 -5 -1 -1 1 1 
1 -7 0 2 2 0 -1 -3 
0 5 -3 -2 -2 -1 -1 0 
0 1 -1 1 -1 1 -2 -1 
-1 -1 2 0 -1 0 -1 0 
-2 -2 -5 0 -1 -1 -1 -1 
-1 -3 -3 -3 0 -1 -2 1 
1 -2 -4 0 -1 -1 -1 -3 
-1 1 0 2 -2 -1 1 0 
-1 0 -1 -2 0 0 -2 -2 
-1 -2 -1 -3 -2 -1 -2 0 
0 -2 -1 1 1 -1 -2 0 
-2 -1 -1 -1 0 -3 -1 -1 
-1 -2 -2 -1 0 1 0 -1 
0 0 -2 0 -2 -2 1 0 
0 -1 -1 -2 -2 -3 -1 -1 
-1 0 0 -1 1 0 0 -2 
-1 -3 -2 0 0 1 1 0 
1 0 -1 -1 -1 -1 0 1 
-1 -1 0 -1 0 0 -2 -2 
-1 -1 -1 0 -2 1 -2 -1 
-1 -1 0 0 -1 -1 -1 -1 
-1 -1 1 0 0 -3 -1 -2 
-2 1 -3 -1 -2 -2 -1 1 
-1 -2 0 -1 -1 0 -2 0 
6 -1 -2 -2 0 -1 0 -1 
-2 -1 -1 0 0 0 0 -1 
-7 -3 -3 -1 -1 0 0 4 
-4 -1 1 1 -1 0 -1 0 
2 0 0 -1 1 -1 -1 -3 
0 -1 0 -2 0 0 0 -2 
-1 0 1 -1 -2 -1 0 -4 
-2 3 -3 -1 -1 -1 -2 -12 
-4 -3 -2 -2 -3 1 0 3 
-2 0 -2 0 -1 1 -1 2 
-1 -2 0 0 0 -1 -1 3 
2 -1 -1 0 0 0 0 2 
-3 -1 0 -1 0 -1 2 -1 
3 1 0 -3 -2 -1 -1 2 
-2 -1 -1 0 -1 2 -2 2 
-1 -2 -1 1 0 0 -1 -1 
-2 -3 1 -1 1 1 0 0 
0 -1 -1 0 -1 -1 -1 -1 
-2 -3 -2 0 -1 -1 -1 0 
-1 -1 -1 -1 1 -1 -2 -1 
-3 -1 -1 -1 -1 -1 0 0 
-2 -1 -1 -3 0 0 -1 0 
0 1 -3 -2 -1 -2 1 1 
6 -1 -3 -1 -1 -2 -1 -1 
0 0 -1 -1 -1 0 -1 -2 
1 1 0 1 -1 1 0 0 
-4 -2 1 1 -1 -2 0 1 
-1 -1 0 -1 -1 -1 -1 -1 
0 -2 -1 1 -1 0 0 0 
-3 0 -1 -1 0 -1 0 0 
1 -1 -1 -2 -2 -2 -3 -1 
2 0 -1 -1 0 -2 -1 -1 
-1 0 -2 0 0 -2 -1 -2 
-1 0 -1 -1 -1 -1 -1 -1 
0 0 -2 -1 0 -1 0 0 
-2 -2 0 -2 -1 0 -2 0 
-1 0 -2 -1 0 -2 0 -1 
0 -1 -1 0 -2 1 1 -1 
-1 0 -1 -1 -2 -1 -1 0 
-1 -1 -1 -1 -1 -1 -1 0 
-1 1 -1 -1 -2 -1 -2 0 