59 26 11 17 -2 -19 9 104 
26 9 25 -9 -8 -6 -46 -90 
-61 -85 -57 -4 -6 -5 -23 -65 
-116 32 7 -2 -6 -12 75 22 
-30 2 -31 -7 -6 5 29 29 
42 24 19 15 16 24 -18 73 
-99 -43 24 -18 -5 21 117 -112 
106 14 43 -4 -2 -1 -75 127 
10 11 7 24 15 0 -117 -14 
-96 32 18 14 5 12 83 -51 
-5 10 -42 -11 -2 5 27 -31 
60 21 9 5 -2 4 10 1 
76 -21 6 15 35 25 -32 -6 
77 -29 5 -10 -28 -33 -31 -74 
-95 -31 -9 -8 17 14 -105 -84 
-16 -25 -3 5 -3 -14 -61 -112 
-58 -7 56 20 21 7 -76 90 
-96 -17 29 10 18 34 79 -85 
41 14 -32 -2 -2 0 -23 119 
-16 17 -26 -22 4 -13 -50 -72 
73 11 -33 -14 8 17 -89 23 
-119 -19 -10 7 0 -11 -96 -92 
47 -17 42 23 14 19 -71 16 
-97 -21 -53 -8 6 -11 10 -89 
79 37 -45 -15 0 -12 115 -7 
-65 13 -4 3 -8 4 -71 -81 
-75 -9 7 -4 -2 -9 9 43 
45 9 58 2 -2 -16 -52 -54 
77 -58 26 6 14 4 -16 18 
-34 -17 -37 -20 -13 -1 88 12 
-113 32 51 36 35 13 89 56 
-3 -28 -10 -16 -27 -25 -39 23 
-79 6 -3 14 -1 -17 120 -51 
29 33 34 23 14 27 -128 -75 
-65 -25 31 4 -10 -26 39 -128 
-69 -4 -5 -14 5 2 -42 27 
6 -4 -26 -9 -13 -21 -21 38 
69 -7 -7 2 0 -8 -55 -16 
29 24 -3 20 7 -7 -33 1 
7 -16 -23 2 5 16 55 10 
-12 30 33 8 3 -3 0 -68 
99 28 -5 7 6 23 44 -18 
85 -4 2 5 8 1 36 14 
1 33 51 29 13 6 -51 21 
-43 63 4 13 7 7 -43 -14 
84 -30 -32 6 10 7 -65 62 
17 16 15 2 11 2 53 4 
-54 -1 5 1 -7 14 80 26 
-66 -7 -34 -10 -5 -9 84 -7 
56 6 34 -7 -7 -4 12 -67 
-81 -47 -10 7 0 -11 -52 7 
76 -11 16 1 -13 -1 92 87 
-35 21 17 -2 9 -7 -23 -27 
-54 8 -6 -5 -6 2 -50 -25 
92 27 11 6 9 -3 17 66 
24 23 40 -11 -14 -18 -76 57 
5 1 1 16 15 10 57 -18 
-57 44 8 6 9 11 28 -110 
20 -22 0 -20 -7 -1 50 74 
37 -6 -20 0 -2 -29 23 -11 
-115 -4 -23 -7 -8 -6 -40 -53 
-42 2 8 -6 -6 -10 -22 -57 
-66 -20 -12 -13 -1 17 41 63 
-5 -21 -12 -12 -6 11 29 32 
-27 48 30 7 1 -2 -13 76 
-19 -28 -33 1 -3 -7 48 -14 
-24 4 -7 1 -4 -30 -87 -77 
7 -20 0 4 -1 -4 -92 -19 
-25 -2 22 8 2 -7 46 99 
-21 5 7 13 8 3 81 -31 
-95 8 7 6 8 16 -68 -18 
49 2 2 -7 -7 -3 -45 -51 
-47 -21 -38 -2 4 18 3 15 
111 22 4 15 6 3 -68 -1 
-128 3 13 1 4 11 -64 -24 
6 27 29 7 -6 -18 -11 50 
-67 -17 -26 -7 -2 10 118 -42 
3 21 27 2 6 3 -119 6 
-7 7 -27 -5 -9 -17 -38 28 
118 11 -16 11 15 13 -1 113 
30 10 44 5 13 17 -22 26 
-91 -18 17 -9 -15 -17 -53 -56 
78 23 25 5 13 31 -58 98 
28 7 -17 -6 -1 10 -34 -51 
-10 -40 -1 12 -3 -5 -62 9 
-23 -45 -66 -32 -27 -40 75 -39 
-25 35 26 15 12 23 -16 54 
5 -4 17 -13 -20 -34 75 -19 
6 50 29 16 15 10 57 83 
-110 8 21 13 3 14 5 -94 
22 -30 -5 -3 2 8 -128 -12 
-128 -39 2 -7 1 14 -47 -80 
-25 -25 -16 6 9 11 49 61 
-65 33 -23 -24 -12 -17 -39 -57 
118 -5 -22 5 1 12 -61 -2 
47 44 4 3 4 9 30 -25 
3 -36 21 3 -2 -11 -40 -41 
71 -29 38 -10 -2 -6 9 -5 
64 6 -26 3 -3 -13 34 65 
-54 13 16 -8 -4 14 127 36 
-55 -19 -7 7 -3 -6 -23 30 
-67 -13 -57 -10 1 5 -17 -39 
51 25 6 5 3 7 41 28 
-49 -1 10 8 6 7 6 89 
-29 -16 -25 -4 7 8 -41 -16 
-48 -6 0 -5 -2 -1 -82 -9 
95 31 -24 -8 -8 2 -46 46 
9 -22 -9 3 11 18 124 -19 
9 -3 -24 -1 12 18 79 93 
-61 29 26 5 -1 -2 78 -22 
-22 5 -15 -8 -5 -4 -100 -1 
19 6 -4 1 1 2 -61 10 
47 -1 -17 -15 -8 -11 -19 -60 
9 -5 23 -5 -12 -25 -45 -3 
82 16 -7 -4 -5 -19 48 91 
54 -18 5 -12 -9 -5 -63 -11 
-103 2 -18 1 -6 -16 43 -111 
-44 7 32 12 7 11 13 5 
-70 5 16 4 -1 -4 -11 -91 
-24 11 6 7 3 12 2 67 
-88 -50 -37 -8 -4 -11 13 -77 
33 -29 -23 -11 -3 -8 -47 -17 
45 -26 22 0 1 2 -7 -18 
-49 23 6 -3 -4 -8 37 -12 
-20 5 -11 -10 -6 0 20 -30 
62 7 3 3 0 -4 -12 36 
61 -17 -17 -15 -19 -37 -77 -38 
12 18 25 -5 -1 -4 26 31 
-50 0 -5 -2 -3 0 -47 -49 
66 0 -14 -1 0 15 127 123 
-128 3 -13 -7 5 -2 -72 -116 
15 -18 -34 -11 -3 0 113 127 
-23 3 -2 -2 -9 -2 71 9 
-32 5 29 4 3 3 -49 40 
105 8 1 4 -3 -10 107 36 
-11 -28 -5 -15 -14 -5 -59 104 
39 -13 -78 -7 -4 -21 -16 -30 
-128 19 36 14 11 28 -2 -25 
25 0 50 17 4 -10 -70 11 
61 16 15 10 7 4 11 82 
54 -11 -11 -2 6 8 -71 -7 
22 -31 -1 1 1 -1 93 32 
-36 -11 -20 -6 -4 2 -42 -12 
16 -11 -17 -11 -9 -10 53 62 
-43 6 -34 -7 -6 6 55 24 
56 5 16 -1 -3 -15 74 59 
46 26 75 6 2 1 88 69 
30 -37 -34 -13 -9 -20 32 19 
-10 18 11 20 16 23 -69 -37 
67 2 7 -1 1 -19 -13 -50 
-1 20 50 14 20 29 -49 -19 
-84 -70 -71 -18 -14 -14 19 -21 
-128 84 50 18 12 8 -31 70 
100 -17 -4 -8 -5 -4 25 -9 
-13 -2 -54 -16 -5 -2 -22 -44 
43 -5 28 7 4 1 -115 -105 
-26 31 10 2 -2 -3 -102 14 
17 17 36 -2 -4 -8 -81 28 
10 1 4 3 -5 -6 -7 63 
-28 -19 32 7 3 -8 110 -54 
-72 60 -19 -9 -12 -24 38 83 
-2 47 25 12 9 11 -53 6 
40 42 0 8 11 31 90 -5 
-58 -55 -9 -1 -1 0 -42 -42 
-48 24 24 8 0 -9 101 88 
8 -38 -22 -5 -6 -6 -77 20 
46 -5 -8 -18 -16 -10 -63 81 
-43 10 -41 -16 -5 5 23 -28 
57 -14 13 5 1 -6 -65 -20 
-45 -13 25 -1 -3 0 -43 -29 
10 -68 -75 -18 -3 -7 24 74 
-14 -41 40 0 0 6 95 69 
-3 63 30 7 2 9 80 18 
-12 54 67 37 12 3 4 -29 
17 55 -10 4 6 8 43 19 
-108 -73 -54 -8 -19 -37 -59 3 
-24 -42 14 -6 -1 8 -42 -28 
18 41 6 8 10 13 40 -48 
15 19 -36 -16 -11 -10 55 -19 
117 34 -15 -18 -10 -13 33 21 
107 59 58 13 8 11 -27 -11 
6 6 -4 -4 1 2 0 -22 
-22 -36 -28 5 6 9 -15 25 
-88 -1 8 -2 -3 1 -1 69 
-1 -41 -54 -2 0 -5 22 2 
73 -97 -53 -16 -8 -8 -26 -35 
27 45 20 -5 -4 -1 13 -23 
19 -28 -13 16 13 7 3 -3 
-52 24 50 16 4 1 -28 -77 
58 -34 14 -5 -4 -11 -99 60 
-68 -29 -27 -27 -8 -4 -20 -48 
6 16 -48 -8 -7 -6 -2 -23 
59 27 75 7 5 6 -32 -1 
25 45 71 22 8 7 -13 38 
-9 28 23 8 -5 -7 -3 -45 
-61 -18 -1 -3 -7 -9 26 -84 
29 -16 -57 -4 -2 -11 94 1 
19 9 18 9 3 10 9 -22 
-6 -14 -33 -10 3 10 -57 -5 
20 -2 -42 2 4 10 27 -13 
-33 2 -9 -2 -5 -9 13 15 
-39 4 22 10 11 13 57 8 
-33 -12 -11 -15 -11 -11 -4 42 
-1 -30 -13 5 5 5 38 -41 
49 70 44 24 13 8 17 37 
12 82 42 15 10 9 -36 -34 
-13 -59 -6 -10 -8 -8 -47 -13 
111 2 3 -7 -8 -8 13 31 
9 -8 -31 -8 -7 -2 31 -52 
-100 -27 -29 -5 -3 -6 36 -22 
-18 -52 15 -13 -12 -15 -83 -37 
-13 -52 -68 -13 -3 -6 3 17 
50 -1 -9 6 7 14 -14 -15 
-87 60 44 -3 -3 -3 -41 59 
-20 -19 -18 11 4 5 -15 -26 
-51 6 29 1 4 11 0 -30 
20 -42 -78 -18 -9 -9 114 -42 
-27 12 11 13 7 2 -29 26 
35 6 42 8 4 3 55 13 
44 -9 -32 -13 -4 -4 -11 -25 
13 -23 4 3 -2 -7 7 -29 
-3 14 9 6 1 -3 -43 54 
-71 8 -33 -2 -2 3 88 93 
18 34 26 15 6 3 3 4 
37 9 26 -1 -7 -5 20 22 
-71 47 28 0 1 8 89 79 
50 8 3 -3 -2 1 15 78 
17 14 -1 4 -1 3 -2 48 
-21 -12 34 10 4 3 19 17 
-50 -31 -92 -31 -10 -6 -67 -80 
40 -50 -61 4 3 4 31 58 
-46 2 -7 -10 -10 -9 -6 53 
-62 -21 41 3 2 1 -1 -58 
-73 0 48 8 0 0 41 -77 
-24 13 35 -9 -9 -8 -54 -118 
18 -43 -81 -36 -11 -9 -39 -65 
96 17 -8 -1 3 8 -20 17 
-23 -2 37 2 -2 2 -18 4 
-54 12 22 2 0 -7 29 -44 
-5 21 -14 10 -2 1 -22 24 
5 31 10 -16 -2 16 31 12 
-82 -3 -14 3 4 2 6 -47 
-36 -24 -2 5 1 0 5 -23 
14 41 24 4 1 3 35 1 
-46 -12 17 -3 -5 -3 33 19 
21 -3 2 -9 -6 -3 14 4 
78 31 47 9 -2 -14 16 -14 
-71 -25 -46 -5 -4 -1 -10 13 
-61 5 25 -1 -3 -8 -29 23 
26 -16 -84 -17 -6 -8 30 32 
-20 2 -6 13 5 1 3 -2 
56 -4 -12 -7 0 -5 -11 -8 
-22 -32 -43 11 4 7 29 31 
-5 -3 43 3 0 5 72 48 
92 -2 -42 -19 -6 -5 -40 -29 
-30 -28 -5 1 -6 -12 -60 -64 
39 53 23 14 4 3 12 34 
40 -1 -12 -13 -1 1 -40 12 
-12 14 4 2 -1 -2 -18 -10 
26 -3 13 1 2 8 9 15 
69 -39 13 1 -3 -3 2 -33 
-1 41 33 12 3 -1 -6 20 
13 -41 -43 -1 -3 -8 -7 40 
-2 20 22 -9 -1 -4 -27 25 
-15 -41 18 1 -2 -1 7 -11 
-40 62 7 15 13 16 -45 -19 
12 -39 19 0 -3 -1 55 12 
11 -6 19 0 0 2 -6 -37 
10 14 17 15 7 2 -43 -58 
48 -20 4 0 -8 -6 13 18 
-7 -55 -23 4 -1 3 -6 -7 
-52 13 48 10 -2 -12 10 33 
31 47 -3 6 2 11 50 -2 
35 37 34 2 5 6 -27 -10 
-55 4 18 2 3 -1 -25 20 
3 11 6 1 -2 -6 18 -10 
-59 -9 -93 -31 -3 2 -10 4 
-25 -13 -2 1 -3 1 8 -37 
-42 -17 16 2 -6 -11 -16 -19 
88 7 27 0 -4 -11 -4 -18 
19 18 42 -5 -5 -2 -42 34 
52 -27 -37 0 1 2 -21 15 
63 -9 -36 -1 1 -1 3 19 
19 34 40 6 -4 -1 19 26 
22 9 32 6 2 -6 27 -12 
78 -26 -46 -32 -5 -2 8 25 
23 -2 25 10 2 0 39 27 
19 16 -11 -4 3 4 -15 -52 
1 23 49 5 2 4 -2 1 
-8 -10 19 10 5 2 -9 3 
-1 15 5 -8 -4 -3 -1 66 
53 4 -33 -19 -3 0 -35 5 
-13 74 50 13 1 -3 41 -6 
42 -22 -35 6 5 3 13 35 
-117 -8 1 -2 -2 -2 -5 37 
8 -1 -15 -5 -3 -1 -21 -28 
-18 3 -4 2 2 5 -43 -38 
47 -4 8 1 -3 -2 18 12 
-64 -13 13 2 3 5 -35 -45 
31 6 9 12 2 4 30 -45 
-78 -69 -84 -10 2 3 -17 -26 
41 10 -47 -18 -5 3 -12 14 
10 13 37 12 8 1 25 -73 
-37 -24 -12 8 2 0 -12 -51 
10 -17 -29 -14 -2 -3 -23 29 
49 -7 -59 -29 -10 -4 84 106 
-59 -3 -11 7 1 2 -12 -42 
24 18 41 6 3 6 -49 -7 
22 -31 -4 -3 -4 -2 -25 -15 
-33 4 -10 7 1 0 -9 -1 
56 -38 -16 -9 -2 3 83 89 
-62 20 38 14 -1 -2 10 -28 
41 16 -4 -20 -6 -2 14 63 
-36 -9 24 10 4 2 -6 -1 
16 16 2 3 -2 -4 -8 -33 
29 -16 25 4 -1 -2 -26 13 
-38 4 -34 -6 -3 -9 -29 -7 
44 35 -20 0 2 4 79 18 
-1 -18 61 0 -4 0 -2 4 
-9 -32 46 8 2 5 -25 -2 
-35 4 18 -1 -7 -10 -32 -68 
6 31 -2 1 1 -4 -8 -2 
-38 -29 12 8 1 -4 49 29 
-27 -4 -13 -1 -2 -8 -66 32 
17 -16 11 6 -3 -7 -9 -73 
-63 -86 -35 1 2 0 -34 4 
6 35 65 11 3 4 16 0 
-43 19 5 2 -2 0 -1 7 
27 9 -40 -16 1 5 24 28 
25 -20 -10 -1 -4 -13 -25 30 
-7 -3 -23 -8 -4 1 15 1 
-20 2 -11 -10 -4 4 31 12 
-5 -14 -14 -6 -7 -7 3 -5 
-33 2 -18 1 6 10 4 -16 
35 -5 -45 -7 -2 -5 -48 7 
-7 -36 -17 0 -3 -5 -22 28 
26 0 12 0 2 3 36 -23 
35 14 -9 -21 -7 -9 25 -20 
-92 -13 16 12 3 8 8 -25 
9 28 29 7 4 5 22 10 
-60 7 -3 -2 -3 -6 -4 -21 
-34 5 -14 -8 -3 4 -1 -47 
38 -12 -31 -2 -2 -3 18 2 
35 25 46 -5 -4 -3 -24 16 
-3 4 22 9 5 3 82 32 
74 -10 -53 -8 -2 -2 -12 88 
-9 -23 -69 -10 -8 -16 52 -6 
4 17 -3 6 3 -1 -64 17 
-47 -8 -8 -12 -5 0 -16 -45 
-13 -12 11 3 0 5 -83 -35 
-64 -18 -84 -19 -6 -3 0 8 
-5 -4 7 2 0 -8 -32 -79 
127 27 43 14 4 4 -11 40 
39 9 -16 3 -2 -10 21 -7 
-24 -28 -32 -2 -1 -2 89 75 
17 -4 21 4 -5 -10 -16 -24 
65 47 6 6 4 0 82 47 
-48 -10 14 6 3 7 7 -7 
-15 -3 -22 -8 2 5 -17 24 
41 -1 11 5 -1 -6 -51 -11 
-35 -15 15 7 2 3 39 -2 
-11 0 -5 -9 -3 3 34 21 
-14 -12 5 -1 -2 -7 -17 -3 
-7 -20 -7 7 0 1 5 10 
6 -7 15 7 -1 0 -14 5 
-5 3 19 7 0 2 5 2 
7 -6 5 -2 -4 -1 0 0 
5 -3 18 -8 -6 0 0 3 
7 1 21 19 5 2 -4 -2 
2 0 4 9 2 1 1 0 
1 7 17 15 5 2 2 8 
-1 2 5 -1 -2 -1 1 -3 
0 1 -18 -7 1 1 -2 3 
1 -4 -28 -10 0 0 1 1 
-1 -1 -12 5 2 1 -2 0 
0 0 -7 -2 0 0 -1 0 
0 1 -2 -16 -1 -1 -2 -1 
-2 -5 -37 -5 -2 -1 -3 -2 
1 4 17 2 2 1 1 0 
1 3 22 10 1 1 1 2 
-3 -3 17 12 -6 -4 -3 -7 
-4 -7 0 -11 -1 1 0 -3 
2 2 -11 -9 2 3 0 1 
-2 -2 -3 7 1 -1 -3 -1 
0 -2 -10 -9 -2 -1 -2 1 
-1 0 -4 -1 1 0 -1 0 
-1 -3 -11 0 1 -1 0 -1 
0 6 10 3 0 0 -1 -1 
0 -4 -13 -10 -2 -2 0 1 
0 -2 2 -1 1 -1 2 -2 
-6 -10 8 -18 -9 -6 -3 -4 
0 3 -16 -3 1 0 0 0 
-1 -1 10 -2 -1 0 -3 2 
-1 -3 -4 -2 0 -2 -1 0 
-1 -7 -12 3 1 0 -1 1 
2 12 -10 -2 -3 2 1 0 
2 7 14 7 2 0 1 2 
-2 6 -26 -11 -2 -1 0 -1 
1 -1 1 7 1 0 2 1 
-2 -3 0 -1 -1 -1 -1 0 
1 -3 -3 1 -1 -1 -1 0 
-1 -9 9 -3 -2 -2 -1 -2 
0 6 7 5 3 0 0 0 
0 -3 -6 -4 0 -2 -3 -2 
-2 0 -4 -3 -1 0 0 -3 
-3 -16 -19 -4 -3 -2 0 -2 
1 2 12 2 0 0 -1 0 
-2 7 -3 -1 -1 -1 -1 2 
0 10 -2 1 0 0 0 -1 
2 2 3 0 -1 -1 -1 0 
-2 -2 -6 -1 0 -1 0 1 
-2 -5 2 0 0 -1 0 -1 
-1 3 9 1 -2 -2 -1 0 
0 -1 -3 -1 -1 0 -2 -1 
-2 -3 -4 -1 -1 0 0 -1 
-1 -3 -6 -2 -1 -1 -1 0 
-1 4 6 2 -2 1 -1 1 
-2 -1 -4 -3 -1 -1 0 -1 
-1 -3 1 -1 0 0 -1 -1 
-1 -8 -2 -1 0 -1 -2 -2 
-1 -4 -13 -7 -2 -2 2 0 
-3 -4 4 3 2 0 0 1 
-1 2 3 0 -1 -2 -1 0 
1 -2 0 -1 -1 -1 -1 -1 
0 3 -4 -2 -1 -1 -1 0 
-1 -1 0 1 0 1 2 1 
0 0 0 -1 -1 0 -1 -2 
-3 -4 2 -1 -4 0 -1 -1 
2 4 3 0 -1 -1 -1 -1 
-2 0 -3 -1 -1 -1 -1 1 
-2 -2 -1 0 0 -1 0 -1 
-3 -4 0 -2 0 0 -1 -1 
1 2 6 1 -1 -1 -2 0 
2 -2 -9 -4 -1 -1 0 -1 
-1 1 -4 -2 -1 -1 -2 -1 
0 -1 0 -2 0 -1 -2 1 
1 4 3 -1 -1 -3 1 -2 
-1 -1 1 -1 -2 -1 -1 -2 
-1 -3 -4 -1 0 -1 0 -2 
0 2 3 -1 -1 1 -2 -1 